# 3328 3
1180800 1 1
1180801 3 1
1180802 5 1
1180803 7 1
1180804 9 1
1180805 11 1
1180806 13 1
1180807 15 1
1180808 17 1
1180809 19 1
1180810 21 1
1180811 23 1
1180812 25 1
1180813 27 1
1180814 29 1
1180815 31 1
1180816 33 1
1180817 35 1
1180818 37 1
1180819 39 1
1180820 41 1
1180821 43 1
1180822 45 1
1180823 47 1
1180824 49 1
1180825 51 1
1180826 53 1
1180827 55 1
1180828 57 1
1180829 59 1
1180830 61 1
1180831 63 1
1180832 65 1
1180833 67 1
1180834 69 1
1180835 71 1
1180836 73 1
1180837 75 1
1180838 77 1
1180839 79 1
1180840 81 1
1180841 83 1
1180842 85 1
1180843 87 1
1180844 89 1
1180845 91 1
1180846 93 1
1180847 95 1
1180848 97 1
1180849 99 1
1180850 101 1
1180851 103 1
1180852 105 1
1180853 107 1
1180854 109 1
1180855 111 1
1180856 113 1
1180857 115 1
1180858 117 1
1180859 119 1
1180860 121 1
1180861 123 1
1180862 125 1
1180863 127 1
1180864 129 1
1180865 131 1
1180866 133 1
1180867 135 1
1180868 137 1
1180869 139 1
1180870 141 1
1180871 143 1
1180872 145 1
1180873 147 1
1180874 149 1
1180875 151 1
1180876 153 1
1180877 155 1
1180878 157 1
1180879 159 1
1180880 161 1
1180881 163 1
1180882 165 1
1180883 167 1
1180884 169 1
1180885 171 1
1180886 173 1
1180887 175 1
1180888 177 1
1180889 179 1
1180890 181 1
1180891 183 1
1180892 185 1
1180893 187 1
1180894 189 1
1180895 191 1
1180896 193 1
1180897 195 1
1180898 197 1
1180899 199 1
1180900 201 1
1180901 203 1
1180902 205 1
1180903 207 1
1180904 209 1
1180905 211 1
1180906 213 1
1180907 215 1
1180908 217 1
1180909 219 1
1180910 221 1
1180911 223 1
1180912 225 1
1180913 227 1
1180914 229 1
1180915 231 1
1180916 233 1
1180917 235 1
1180918 237 1
1180919 239 1
1180920 241 1
1180921 243 1
1180922 245 1
1180923 247 1
1180924 249 1
1180925 251 1
1180926 253 1
1180927 255 1
1180928 257 1
1180929 259 1
1180930 261 1
1180931 263 1
1180932 265 1
1180933 267 1
1180934 269 1
1180935 271 1
1180936 273 1
1180937 275 1
1180938 277 1
1180939 279 1
1180940 281 1
1180941 283 1
1180942 285 1
1180943 287 1
1180944 289 1
1180945 291 1
1180946 293 1
1180947 295 1
1180948 297 1
1180949 299 1
1180950 301 1
1180951 303 1
1180952 305 1
1180953 307 1
1180954 309 1
1180955 311 1
1180956 313 1
1180957 315 1
1180958 317 1
1180959 319 1
1180960 321 1
1180961 323 1
1180962 325 1
1180963 327 1
1180964 329 1
1180965 331 1
1180966 333 1
1180967 335 1
1180968 337 1
1180969 339 1
1180970 341 1
1180971 343 1
1180972 345 1
1180973 347 1
1180974 349 1
1180975 351 1
1180976 353 1
1180977 355 1
1180978 357 1
1180979 359 1
1180980 361 1
1180981 363 1
1180982 365 1
1180983 367 1
1180984 369 1
1180985 371 1
1180986 373 1
1180987 375 1
1180988 377 1
1180989 379 1
1180990 381 1
1180991 383 1
1180992 385 1
1180993 387 1
1180994 389 1
1180995 391 1
1180996 393 1
1180997 395 1
1180998 397 1
1180999 399 1
1181000 401 1
1181001 403 1
1181002 405 1
1181003 407 1
1181004 409 1
1181005 411 1
1181006 413 1
1181007 415 1
1181008 417 1
1181009 419 1
1181010 421 1
1181011 423 1
1181012 425 1
1181013 427 1
1181014 429 1
1181015 431 1
1181016 433 1
1181017 435 1
1181018 437 1
1181019 439 1
1181020 441 1
1181021 443 1
1181022 445 1
1181023 447 1
1181024 449 1
1181025 451 1
1181026 453 1
1181027 455 1
1181028 457 1
1181029 459 1
1181030 461 1
1181031 463 1
1181032 465 1
1181033 467 1
1181034 469 1
1181035 471 1
1181036 473 1
1181037 475 1
1181038 477 1
1181039 479 1
1181040 481 1
1181041 483 1
1181042 485 1
1181043 487 1
1181044 489 1
1181045 491 1
1181046 493 1
1181047 495 1
1181048 497 1
1181049 499 1
1181050 501 1
1181051 503 1
1181052 505 1
1181053 507 1
1181054 509 1
1181055 511 1
1181056 513 1
1181057 515 1
1181058 517 1
1181059 519 1
1181060 521 1
1181061 523 1
1181062 525 1
1181063 527 1
1181064 529 1
1181065 531 1
1181066 533 1
1181067 535 1
1181068 537 1
1181069 539 1
1181070 541 1
1181071 543 1
1181072 545 1
1181073 547 1
1181074 549 1
1181075 551 1
1181076 553 1
1181077 555 1
1181078 557 1
1181079 559 1
1181080 561 1
1181081 563 1
1181082 565 1
1181083 567 1
1181084 569 1
1181085 571 1
1181086 573 1
1181087 575 1
1181088 577 1
1181089 579 1
1181090 581 1
1181091 583 1
1181092 585 1
1181093 587 1
1181094 589 1
1181095 591 1
1181096 593 1
1181097 595 1
1181098 597 1
1181099 599 1
1181100 601 1
1181101 603 1
1181102 605 1
1181103 607 1
1181104 609 1
1181105 611 1
1181106 613 1
1181107 615 1
1181108 617 1
1181109 619 1
1181110 621 1
1181111 623 1
1181112 625 1
1181113 627 1
1181114 629 1
1181115 631 1
1181116 633 1
1181117 635 1
1181118 637 1
1181119 639 1
1181120 641 1
1181121 643 1
1181122 645 1
1181123 647 1
1181124 649 1
1181125 651 1
1181126 653 1
1181127 655 1
1181128 657 1
1181129 659 1
1181130 661 1
1181131 663 1
1181132 665 1
1181133 667 1
1181134 669 1
1181135 671 1
1181136 673 1
1181137 675 1
1181138 677 1
1181139 679 1
1181140 681 1
1181141 683 1
1181142 685 1
1181143 687 1
1181144 689 1
1181145 691 1
1181146 693 1
1181147 695 1
1181148 697 1
1181149 699 1
1181150 701 1
1181151 703 1
1181152 705 1
1181153 707 1
1181154 709 1
1181155 711 1
1181156 713 1
1181157 715 1
1181158 717 1
1181159 719 1
1181160 721 1
1181161 723 1
1181162 725 1
1181163 727 1
1181164 729 1
1181165 731 1
1181166 733 1
1181167 735 1
1181168 737 1
1181169 739 1
1181170 741 1
1181171 743 1
1181172 745 1
1181173 747 1
1181174 749 1
1181175 751 1
1181176 753 1
1181177 755 1
1181178 757 1
1181179 759 1
1181180 761 1
1181181 763 1
1181182 765 1
1181183 767 1
1181184 769 1
1181185 771 1
1181186 773 1
1181187 775 1
1181188 777 1
1181189 779 1
1181190 781 1
1181191 783 1
1181192 785 1
1181193 787 1
1181194 789 1
1181195 791 1
1181196 793 1
1181197 795 1
1181198 797 1
1181199 799 1
1181200 801 1
1181201 803 1
1181202 805 1
1181203 807 1
1181204 809 1
1181205 811 1
1181206 813 1
1181207 815 1
1181208 817 1
1181209 819 1
1181210 821 1
1181211 823 1
1181212 825 1
1181213 827 1
1181214 829 1
1181215 831 1
1181216 833 1
1181217 835 1
1181218 837 1
1181219 839 1
1181220 841 1
1181221 843 1
1181222 845 1
1181223 847 1
1181224 849 1
1181225 851 1
1181226 853 1
1181227 855 1
1181228 857 1
1181229 859 1
1181230 861 1
1181231 863 1
1181232 865 1
1181233 867 1
1181234 869 1
1181235 871 1
1181236 873 1
1181237 875 1
1181238 877 1
1181239 879 1
1181240 881 1
1181241 883 1
1181242 885 1
1181243 887 1
1181244 889 1
1181245 891 1
1181246 893 1
1181247 895 1
1181248 897 1
1181249 899 1
1181250 901 1
1181251 903 1
1181252 905 1
1181253 907 1
1181254 909 1
1181255 911 1
1181256 913 1
1181257 915 1
1181258 917 1
1181259 919 1
1181260 921 1
1181261 923 1
1181262 925 1
1181263 927 1
1181264 929 1
1181265 931 1
1181266 933 1
1181267 935 1
1181268 937 1
1181269 939 1
1181270 941 1
1181271 943 1
1181272 945 1
1181273 947 1
1181274 949 1
1181275 951 1
1181276 953 1
1181277 955 1
1181278 957 1
1181279 959 1
1181280 961 1
1181281 963 1
1181282 965 1
1181283 967 1
1181284 969 1
1181285 971 1
1181286 973 1
1181287 975 1
1181288 977 1
1181289 979 1
1181290 981 1
1181291 983 1
1181292 985 1
1181293 987 1
1181294 989 1
1181295 991 1
1181296 993 1
1181297 995 1
1181298 997 1
1181299 999 1
1181300 1001 1
1181301 1003 1
1181302 1005 1
1181303 1007 1
1181304 1009 1
1181305 1011 1
1181306 1013 1
1181307 1015 1
1181308 1017 1
1181309 1019 1
1181310 1021 1
1181311 1023 1
1181312 1179776 1
1181313 1179778 1
1181314 1179780 1
1181315 1179782 1
1181316 1179784 1
1181317 1179786 1
1181318 1179788 1
1181319 1179790 1
1181320 1179792 1
1181321 1179794 1
1181322 1179796 1
1181323 1179798 1
1181324 1179800 1
1181325 1179802 1
1181326 1179804 1
1181327 1179806 1
1181328 1179808 1
1181329 1179810 1
1181330 1179812 1
1181331 1179814 1
1181332 1179816 1
1181333 1179818 1
1181334 1179820 1
1181335 1179822 1
1181336 1179824 1
1181337 1179826 1
1181338 1179828 1
1181339 1179830 1
1181340 1179832 1
1181341 1179834 1
1181342 1179836 1
1181343 1179838 1
1181344 1179840 1
1181345 1179842 1
1181346 1179844 1
1181347 1179846 1
1181348 1179848 1
1181349 1179850 1
1181350 1179852 1
1181351 1179854 1
1181352 1179856 1
1181353 1179858 1
1181354 1179860 1
1181355 1179862 1
1181356 1179864 1
1181357 1179866 1
1181358 1179868 1
1181359 1179870 1
1181360 1179872 1
1181361 1179874 1
1181362 1179876 1
1181363 1179878 1
1181364 1179880 1
1181365 1179882 1
1181366 1179884 1
1181367 1179886 1
1181368 1179888 1
1181369 1179890 1
1181370 1179892 1
1181371 1179894 1
1181372 1179896 1
1181373 1179898 1
1181374 1179900 1
1181375 1179902 1
1181376 1179904 1
1181377 1179906 1
1181378 1179908 1
1181379 1179910 1
1181380 1179912 1
1181381 1179914 1
1181382 1179916 1
1181383 1179918 1
1181384 1179920 1
1181385 1179922 1
1181386 1179924 1
1181387 1179926 1
1181388 1179928 1
1181389 1179930 1
1181390 1179932 1
1181391 1179934 1
1181392 1179936 1
1181393 1179938 1
1181394 1179940 1
1181395 1179942 1
1181396 1179944 1
1181397 1179946 1
1181398 1179948 1
1181399 1179950 1
1181400 1179952 1
1181401 1179954 1
1181402 1179956 1
1181403 1179958 1
1181404 1179960 1
1181405 1179962 1
1181406 1179964 1
1181407 1179966 1
1181408 1179968 1
1181409 1179970 1
1181410 1179972 1
1181411 1179974 1
1181412 1179976 1
1181413 1179978 1
1181414 1179980 1
1181415 1179982 1
1181416 1179984 1
1181417 1179986 1
1181418 1179988 1
1181419 1179990 1
1181420 1179992 1
1181421 1179994 1
1181422 1179996 1
1181423 1179998 1
1181424 1180000 1
1181425 1180002 1
1181426 1180004 1
1181427 1180006 1
1181428 1180008 1
1181429 1180010 1
1181430 1180012 1
1181431 1180014 1
1181432 1180016 1
1181433 1180018 1
1181434 1180020 1
1181435 1180022 1
1181436 1180024 1
1181437 1180026 1
1181438 1180028 1
1181439 1180030 1
1181440 1180032 1
1181441 1180034 1
1181442 1180036 1
1181443 1180038 1
1181444 1180040 1
1181445 1180042 1
1181446 1180044 1
1181447 1180046 1
1181448 1180048 1
1181449 1180050 1
1181450 1180052 1
1181451 1180054 1
1181452 1180056 1
1181453 1180058 1
1181454 1180060 1
1181455 1180062 1
1181456 1180064 1
1181457 1180066 1
1181458 1180068 1
1181459 1180070 1
1181460 1180072 1
1181461 1180074 1
1181462 1180076 1
1181463 1180078 1
1181464 1180080 1
1181465 1180082 1
1181466 1180084 1
1181467 1180086 1
1181468 1180088 1
1181469 1180090 1
1181470 1180092 1
1181471 1180094 1
1181472 1180096 1
1181473 1180098 1
1181474 1180100 1
1181475 1180102 1
1181476 1180104 1
1181477 1180106 1
1181478 1180108 1
1181479 1180110 1
1181480 1180112 1
1181481 1180114 1
1181482 1180116 1
1181483 1180118 1
1181484 1180120 1
1181485 1180122 1
1181486 1180124 1
1181487 1180126 1
1181488 1180128 1
1181489 1180130 1
1181490 1180132 1
1181491 1180134 1
1181492 1180136 1
1181493 1180138 1
1181494 1180140 1
1181495 1180142 1
1181496 1180144 1
1181497 1180146 1
1181498 1180148 1
1181499 1180150 1
1181500 1180152 1
1181501 1180154 1
1181502 1180156 1
1181503 1180158 1
1181504 1180160 1
1181505 1180162 1
1181506 1180164 1
1181507 1180166 1
1181508 1180168 1
1181509 1180170 1
1181510 1180172 1
1181511 1180174 1
1181512 1180176 1
1181513 1180178 1
1181514 1180180 1
1181515 1180182 1
1181516 1180184 1
1181517 1180186 1
1181518 1180188 1
1181519 1180190 1
1181520 1180192 1
1181521 1180194 1
1181522 1180196 1
1181523 1180198 1
1181524 1180200 1
1181525 1180202 1
1181526 1180204 1
1181527 1180206 1
1181528 1180208 1
1181529 1180210 1
1181530 1180212 1
1181531 1180214 1
1181532 1180216 1
1181533 1180218 1
1181534 1180220 1
1181535 1180222 1
1181536 1180224 1
1181537 1180226 1
1181538 1180228 1
1181539 1180230 1
1181540 1180232 1
1181541 1180234 1
1181542 1180236 1
1181543 1180238 1
1181544 1180240 1
1181545 1180242 1
1181546 1180244 1
1181547 1180246 1
1181548 1180248 1
1181549 1180250 1
1181550 1180252 1
1181551 1180254 1
1181552 1180256 1
1181553 1180258 1
1181554 1180260 1
1181555 1180262 1
1181556 1180264 1
1181557 1180266 1
1181558 1180268 1
1181559 1180270 1
1181560 1180272 1
1181561 1180274 1
1181562 1180276 1
1181563 1180278 1
1181564 1180280 1
1181565 1180282 1
1181566 1180284 1
1181567 1180286 1
1181568 1180288 1
1181569 1180290 1
1181570 1180292 1
1181571 1180294 1
1181572 1180296 1
1181573 1180298 1
1181574 1180300 1
1181575 1180302 1
1181576 1180304 1
1181577 1180306 1
1181578 1180308 1
1181579 1180310 1
1181580 1180312 1
1181581 1180314 1
1181582 1180316 1
1181583 1180318 1
1181584 1180320 1
1181585 1180322 1
1181586 1180324 1
1181587 1180326 1
1181588 1180328 1
1181589 1180330 1
1181590 1180332 1
1181591 1180334 1
1181592 1180336 1
1181593 1180338 1
1181594 1180340 1
1181595 1180342 1
1181596 1180344 1
1181597 1180346 1
1181598 1180348 1
1181599 1180350 1
1181600 1180352 1
1181601 1180354 1
1181602 1180356 1
1181603 1180358 1
1181604 1180360 1
1181605 1180362 1
1181606 1180364 1
1181607 1180366 1
1181608 1180368 1
1181609 1180370 1
1181610 1180372 1
1181611 1180374 1
1181612 1180376 1
1181613 1180378 1
1181614 1180380 1
1181615 1180382 1
1181616 1180384 1
1181617 1180386 1
1181618 1180388 1
1181619 1180390 1
1181620 1180392 1
1181621 1180394 1
1181622 1180396 1
1181623 1180398 1
1181624 1180400 1
1181625 1180402 1
1181626 1180404 1
1181627 1180406 1
1181628 1180408 1
1181629 1180410 1
1181630 1180412 1
1181631 1180414 1
1181632 1180416 1
1181633 1180418 1
1181634 1180420 1
1181635 1180422 1
1181636 1180424 1
1181637 1180426 1
1181638 1180428 1
1181639 1180430 1
1181640 1180432 1
1181641 1180434 1
1181642 1180436 1
1181643 1180438 1
1181644 1180440 1
1181645 1180442 1
1181646 1180444 1
1181647 1180446 1
1181648 1180448 1
1181649 1180450 1
1181650 1180452 1
1181651 1180454 1
1181652 1180456 1
1181653 1180458 1
1181654 1180460 1
1181655 1180462 1
1181656 1180464 1
1181657 1180466 1
1181658 1180468 1
1181659 1180470 1
1181660 1180472 1
1181661 1180474 1
1181662 1180476 1
1181663 1180478 1
1181664 1180480 1
1181665 1180482 1
1181666 1180484 1
1181667 1180486 1
1181668 1180488 1
1181669 1180490 1
1181670 1180492 1
1181671 1180494 1
1181672 1180496 1
1181673 1180498 1
1181674 1180500 1
1181675 1180502 1
1181676 1180504 1
1181677 1180506 1
1181678 1180508 1
1181679 1180510 1
1181680 1180512 1
1181681 1180514 1
1181682 1180516 1
1181683 1180518 1
1181684 1180520 1
1181685 1180522 1
1181686 1180524 1
1181687 1180526 1
1181688 1180528 1
1181689 1180530 1
1181690 1180532 1
1181691 1180534 1
1181692 1180536 1
1181693 1180538 1
1181694 1180540 1
1181695 1180542 1
1181696 1180544 1
1181697 1180546 1
1181698 1180548 1
1181699 1180550 1
1181700 1180552 1
1181701 1180554 1
1181702 1180556 1
1181703 1180558 1
1181704 1180560 1
1181705 1180562 1
1181706 1180564 1
1181707 1180566 1
1181708 1180568 1
1181709 1180570 1
1181710 1180572 1
1181711 1180574 1
1181712 1180576 1
1181713 1180578 1
1181714 1180580 1
1181715 1180582 1
1181716 1180584 1
1181717 1180586 1
1181718 1180588 1
1181719 1180590 1
1181720 1180592 1
1181721 1180594 1
1181722 1180596 1
1181723 1180598 1
1181724 1180600 1
1181725 1180602 1
1181726 1180604 1
1181727 1180606 1
1181728 1180608 1
1181729 1180610 1
1181730 1180612 1
1181731 1180614 1
1181732 1180616 1
1181733 1180618 1
1181734 1180620 1
1181735 1180622 1
1181736 1180624 1
1181737 1180626 1
1181738 1180628 1
1181739 1180630 1
1181740 1180632 1
1181741 1180634 1
1181742 1180636 1
1181743 1180638 1
1181744 1180640 1
1181745 1180642 1
1181746 1180644 1
1181747 1180646 1
1181748 1180648 1
1181749 1180650 1
1181750 1180652 1
1181751 1180654 1
1181752 1180656 1
1181753 1180658 1
1181754 1180660 1
1181755 1180662 1
1181756 1180664 1
1181757 1180666 1
1181758 1180668 1
1181759 1180670 1
1181760 1180672 1
1181761 1180674 1
1181762 1180676 1
1181763 1180678 1
1181764 1180680 1
1181765 1180682 1
1181766 1180684 1
1181767 1180686 1
1181768 1180688 1
1181769 1180690 1
1181770 1180692 1
1181771 1180694 1
1181772 1180696 1
1181773 1180698 1
1181774 1180700 1
1181775 1180702 1
1181776 1180704 1
1181777 1180706 1
1181778 1180708 1
1181779 1180710 1
1181780 1180712 1
1181781 1180714 1
1181782 1180716 1
1181783 1180718 1
1181784 1180720 1
1181785 1180722 1
1181786 1180724 1
1181787 1180726 1
1181788 1180728 1
1181789 1180730 1
1181790 1180732 1
1181791 1180734 1
1181792 1180736 1
1181793 1180738 1
1181794 1180740 1
1181795 1180742 1
1181796 1180744 1
1181797 1180746 1
1181798 1180748 1
1181799 1180750 1
1181800 1180752 1
1181801 1180754 1
1181802 1180756 1
1181803 1180758 1
1181804 1180760 1
1181805 1180762 1
1181806 1180764 1
1181807 1180766 1
1181808 1180768 1
1181809 1180770 1
1181810 1180772 1
1181811 1180774 1
1181812 1180776 1
1181813 1180778 1
1181814 1180780 1
1181815 1180782 1
1181816 1180784 1
1181817 1180786 1
1181818 1180788 1
1181819 1180790 1
1181820 1180792 1
1181821 1180794 1
1181822 1180796 1
1181823 1180798 1
1181824 1024 1
1181825 2049 1
1181826 3074 1
1181827 4099 1
1181828 5124 1
1181829 6149 1
1181830 7174 1
1181831 8199 1
1181832 9224 1
1181833 10249 1
1181834 11274 1
1181835 12299 1
1181836 13324 1
1181837 14349 1
1181838 15374 1
1181839 16399 1
1181840 17424 1
1181841 18449 1
1181842 19474 1
1181843 20499 1
1181844 21524 1
1181845 22549 1
1181846 23574 1
1181847 24599 1
1181848 25624 1
1181849 26649 1
1181850 27674 1
1181851 28699 1
1181852 29724 1
1181853 30749 1
1181854 31774 1
1181855 32799 1
1181856 33824 1
1181857 34849 1
1181858 35874 1
1181859 36899 1
1181860 37924 1
1181861 38949 1
1181862 39974 1
1181863 40999 1
1181864 42024 1
1181865 43049 1
1181866 44074 1
1181867 45099 1
1181868 46124 1
1181869 47149 1
1181870 48174 1
1181871 49199 1
1181872 50224 1
1181873 51249 1
1181874 52274 1
1181875 53299 1
1181876 54324 1
1181877 55349 1
1181878 56374 1
1181879 57399 1
1181880 58424 1
1181881 59449 1
1181882 60474 1
1181883 61499 1
1181884 62524 1
1181885 63549 1
1181886 64574 1
1181887 65599 1
1181888 66624 1
1181889 67649 1
1181890 68674 1
1181891 69699 1
1181892 70724 1
1181893 71749 1
1181894 72774 1
1181895 73799 1
1181896 74824 1
1181897 75849 1
1181898 76874 1
1181899 77899 1
1181900 78924 1
1181901 79949 1
1181902 80974 1
1181903 81999 1
1181904 83024 1
1181905 84049 1
1181906 85074 1
1181907 86099 1
1181908 87124 1
1181909 88149 1
1181910 89174 1
1181911 90199 1
1181912 91224 1
1181913 92249 1
1181914 93274 1
1181915 94299 1
1181916 95324 1
1181917 96349 1
1181918 97374 1
1181919 98399 1
1181920 99424 1
1181921 100449 1
1181922 101474 1
1181923 102499 1
1181924 103524 1
1181925 104549 1
1181926 105574 1
1181927 106599 1
1181928 107624 1
1181929 108649 1
1181930 109674 1
1181931 110699 1
1181932 111724 1
1181933 112749 1
1181934 113774 1
1181935 114799 1
1181936 115824 1
1181937 116849 1
1181938 117874 1
1181939 118899 1
1181940 119924 1
1181941 120949 1
1181942 121974 1
1181943 122999 1
1181944 124024 1
1181945 125049 1
1181946 126074 1
1181947 127099 1
1181948 128124 1
1181949 129149 1
1181950 130174 1
1181951 131199 1
1181952 132224 1
1181953 133249 1
1181954 134274 1
1181955 135299 1
1181956 136324 1
1181957 137349 1
1181958 138374 1
1181959 139399 1
1181960 140424 1
1181961 141449 1
1181962 142474 1
1181963 143499 1
1181964 144524 1
1181965 145549 1
1181966 146574 1
1181967 147599 1
1181968 148624 1
1181969 149649 1
1181970 150674 1
1181971 151699 1
1181972 152724 1
1181973 153749 1
1181974 154774 1
1181975 155799 1
1181976 156824 1
1181977 157849 1
1181978 158874 1
1181979 159899 1
1181980 160924 1
1181981 161949 1
1181982 162974 1
1181983 163999 1
1181984 165024 1
1181985 166049 1
1181986 167074 1
1181987 168099 1
1181988 169124 1
1181989 170149 1
1181990 171174 1
1181991 172199 1
1181992 173224 1
1181993 174249 1
1181994 175274 1
1181995 176299 1
1181996 177324 1
1181997 178349 1
1181998 179374 1
1181999 180399 1
1182000 181424 1
1182001 182449 1
1182002 183474 1
1182003 184499 1
1182004 185524 1
1182005 186549 1
1182006 187574 1
1182007 188599 1
1182008 189624 1
1182009 190649 1
1182010 191674 1
1182011 192699 1
1182012 193724 1
1182013 194749 1
1182014 195774 1
1182015 196799 1
1182016 197824 1
1182017 198849 1
1182018 199874 1
1182019 200899 1
1182020 201924 1
1182021 202949 1
1182022 203974 1
1182023 204999 1
1182024 206024 1
1182025 207049 1
1182026 208074 1
1182027 209099 1
1182028 210124 1
1182029 211149 1
1182030 212174 1
1182031 213199 1
1182032 214224 1
1182033 215249 1
1182034 216274 1
1182035 217299 1
1182036 218324 1
1182037 219349 1
1182038 220374 1
1182039 221399 1
1182040 222424 1
1182041 223449 1
1182042 224474 1
1182043 225499 1
1182044 226524 1
1182045 227549 1
1182046 228574 1
1182047 229599 1
1182048 230624 1
1182049 231649 1
1182050 232674 1
1182051 233699 1
1182052 234724 1
1182053 235749 1
1182054 236774 1
1182055 237799 1
1182056 238824 1
1182057 239849 1
1182058 240874 1
1182059 241899 1
1182060 242924 1
1182061 243949 1
1182062 244974 1
1182063 245999 1
1182064 247024 1
1182065 248049 1
1182066 249074 1
1182067 250099 1
1182068 251124 1
1182069 252149 1
1182070 253174 1
1182071 254199 1
1182072 255224 1
1182073 256249 1
1182074 257274 1
1182075 258299 1
1182076 259324 1
1182077 260349 1
1182078 261374 1
1182079 262399 1
1182080 263424 1
1182081 264449 1
1182082 265474 1
1182083 266499 1
1182084 267524 1
1182085 268549 1
1182086 269574 1
1182087 270599 1
1182088 271624 1
1182089 272649 1
1182090 273674 1
1182091 274699 1
1182092 275724 1
1182093 276749 1
1182094 277774 1
1182095 278799 1
1182096 279824 1
1182097 280849 1
1182098 281874 1
1182099 282899 1
1182100 283924 1
1182101 284949 1
1182102 285974 1
1182103 286999 1
1182104 288024 1
1182105 289049 1
1182106 290074 1
1182107 291099 1
1182108 292124 1
1182109 293149 1
1182110 294174 1
1182111 295199 1
1182112 296224 1
1182113 297249 1
1182114 298274 1
1182115 299299 1
1182116 300324 1
1182117 301349 1
1182118 302374 1
1182119 303399 1
1182120 304424 1
1182121 305449 1
1182122 306474 1
1182123 307499 1
1182124 308524 1
1182125 309549 1
1182126 310574 1
1182127 311599 1
1182128 312624 1
1182129 313649 1
1182130 314674 1
1182131 315699 1
1182132 316724 1
1182133 317749 1
1182134 318774 1
1182135 319799 1
1182136 320824 1
1182137 321849 1
1182138 322874 1
1182139 323899 1
1182140 324924 1
1182141 325949 1
1182142 326974 1
1182143 327999 1
1182144 329024 1
1182145 330049 1
1182146 331074 1
1182147 332099 1
1182148 333124 1
1182149 334149 1
1182150 335174 1
1182151 336199 1
1182152 337224 1
1182153 338249 1
1182154 339274 1
1182155 340299 1
1182156 341324 1
1182157 342349 1
1182158 343374 1
1182159 344399 1
1182160 345424 1
1182161 346449 1
1182162 347474 1
1182163 348499 1
1182164 349524 1
1182165 350549 1
1182166 351574 1
1182167 352599 1
1182168 353624 1
1182169 354649 1
1182170 355674 1
1182171 356699 1
1182172 357724 1
1182173 358749 1
1182174 359774 1
1182175 360799 1
1182176 361824 1
1182177 362849 1
1182178 363874 1
1182179 364899 1
1182180 365924 1
1182181 366949 1
1182182 367974 1
1182183 368999 1
1182184 370024 1
1182185 371049 1
1182186 372074 1
1182187 373099 1
1182188 374124 1
1182189 375149 1
1182190 376174 1
1182191 377199 1
1182192 378224 1
1182193 379249 1
1182194 380274 1
1182195 381299 1
1182196 382324 1
1182197 383349 1
1182198 384374 1
1182199 385399 1
1182200 386424 1
1182201 387449 1
1182202 388474 1
1182203 389499 1
1182204 390524 1
1182205 391549 1
1182206 392574 1
1182207 393599 1
1182208 394624 1
1182209 395649 1
1182210 396674 1
1182211 397699 1
1182212 398724 1
1182213 399749 1
1182214 400774 1
1182215 401799 1
1182216 402824 1
1182217 403849 1
1182218 404874 1
1182219 405899 1
1182220 406924 1
1182221 407949 1
1182222 408974 1
1182223 409999 1
1182224 411024 1
1182225 412049 1
1182226 413074 1
1182227 414099 1
1182228 415124 1
1182229 416149 1
1182230 417174 1
1182231 418199 1
1182232 419224 1
1182233 420249 1
1182234 421274 1
1182235 422299 1
1182236 423324 1
1182237 424349 1
1182238 425374 1
1182239 426399 1
1182240 427424 1
1182241 428449 1
1182242 429474 1
1182243 430499 1
1182244 431524 1
1182245 432549 1
1182246 433574 1
1182247 434599 1
1182248 435624 1
1182249 436649 1
1182250 437674 1
1182251 438699 1
1182252 439724 1
1182253 440749 1
1182254 441774 1
1182255 442799 1
1182256 443824 1
1182257 444849 1
1182258 445874 1
1182259 446899 1
1182260 447924 1
1182261 448949 1
1182262 449974 1
1182263 450999 1
1182264 452024 1
1182265 453049 1
1182266 454074 1
1182267 455099 1
1182268 456124 1
1182269 457149 1
1182270 458174 1
1182271 459199 1
1182272 460224 1
1182273 461249 1
1182274 462274 1
1182275 463299 1
1182276 464324 1
1182277 465349 1
1182278 466374 1
1182279 467399 1
1182280 468424 1
1182281 469449 1
1182282 470474 1
1182283 471499 1
1182284 472524 1
1182285 473549 1
1182286 474574 1
1182287 475599 1
1182288 476624 1
1182289 477649 1
1182290 478674 1
1182291 479699 1
1182292 480724 1
1182293 481749 1
1182294 482774 1
1182295 483799 1
1182296 484824 1
1182297 485849 1
1182298 486874 1
1182299 487899 1
1182300 488924 1
1182301 489949 1
1182302 490974 1
1182303 491999 1
1182304 493024 1
1182305 494049 1
1182306 495074 1
1182307 496099 1
1182308 497124 1
1182309 498149 1
1182310 499174 1
1182311 500199 1
1182312 501224 1
1182313 502249 1
1182314 503274 1
1182315 504299 1
1182316 505324 1
1182317 506349 1
1182318 507374 1
1182319 508399 1
1182320 509424 1
1182321 510449 1
1182322 511474 1
1182323 512499 1
1182324 513524 1
1182325 514549 1
1182326 515574 1
1182327 516599 1
1182328 517624 1
1182329 518649 1
1182330 519674 1
1182331 520699 1
1182332 521724 1
1182333 522749 1
1182334 523774 1
1182335 524799 1
1182336 525824 1
1182337 526849 1
1182338 527874 1
1182339 528899 1
1182340 529924 1
1182341 530949 1
1182342 531974 1
1182343 532999 1
1182344 534024 1
1182345 535049 1
1182346 536074 1
1182347 537099 1
1182348 538124 1
1182349 539149 1
1182350 540174 1
1182351 541199 1
1182352 542224 1
1182353 543249 1
1182354 544274 1
1182355 545299 1
1182356 546324 1
1182357 547349 1
1182358 548374 1
1182359 549399 1
1182360 550424 1
1182361 551449 1
1182362 552474 1
1182363 553499 1
1182364 554524 1
1182365 555549 1
1182366 556574 1
1182367 557599 1
1182368 558624 1
1182369 559649 1
1182370 560674 1
1182371 561699 1
1182372 562724 1
1182373 563749 1
1182374 564774 1
1182375 565799 1
1182376 566824 1
1182377 567849 1
1182378 568874 1
1182379 569899 1
1182380 570924 1
1182381 571949 1
1182382 572974 1
1182383 573999 1
1182384 575024 1
1182385 576049 1
1182386 577074 1
1182387 578099 1
1182388 579124 1
1182389 580149 1
1182390 581174 1
1182391 582199 1
1182392 583224 1
1182393 584249 1
1182394 585274 1
1182395 586299 1
1182396 587324 1
1182397 588349 1
1182398 589374 1
1182399 590399 1
1182400 591424 1
1182401 592449 1
1182402 593474 1
1182403 594499 1
1182404 595524 1
1182405 596549 1
1182406 597574 1
1182407 598599 1
1182408 599624 1
1182409 600649 1
1182410 601674 1
1182411 602699 1
1182412 603724 1
1182413 604749 1
1182414 605774 1
1182415 606799 1
1182416 607824 1
1182417 608849 1
1182418 609874 1
1182419 610899 1
1182420 611924 1
1182421 612949 1
1182422 613974 1
1182423 614999 1
1182424 616024 1
1182425 617049 1
1182426 618074 1
1182427 619099 1
1182428 620124 1
1182429 621149 1
1182430 622174 1
1182431 623199 1
1182432 624224 1
1182433 625249 1
1182434 626274 1
1182435 627299 1
1182436 628324 1
1182437 629349 1
1182438 630374 1
1182439 631399 1
1182440 632424 1
1182441 633449 1
1182442 634474 1
1182443 635499 1
1182444 636524 1
1182445 637549 1
1182446 638574 1
1182447 639599 1
1182448 640624 1
1182449 641649 1
1182450 642674 1
1182451 643699 1
1182452 644724 1
1182453 645749 1
1182454 646774 1
1182455 647799 1
1182456 648824 1
1182457 649849 1
1182458 650874 1
1182459 651899 1
1182460 652924 1
1182461 653949 1
1182462 654974 1
1182463 655999 1
1182464 657024 1
1182465 658049 1
1182466 659074 1
1182467 660099 1
1182468 661124 1
1182469 662149 1
1182470 663174 1
1182471 664199 1
1182472 665224 1
1182473 666249 1
1182474 667274 1
1182475 668299 1
1182476 669324 1
1182477 670349 1
1182478 671374 1
1182479 672399 1
1182480 673424 1
1182481 674449 1
1182482 675474 1
1182483 676499 1
1182484 677524 1
1182485 678549 1
1182486 679574 1
1182487 680599 1
1182488 681624 1
1182489 682649 1
1182490 683674 1
1182491 684699 1
1182492 685724 1
1182493 686749 1
1182494 687774 1
1182495 688799 1
1182496 689824 1
1182497 690849 1
1182498 691874 1
1182499 692899 1
1182500 693924 1
1182501 694949 1
1182502 695974 1
1182503 696999 1
1182504 698024 1
1182505 699049 1
1182506 700074 1
1182507 701099 1
1182508 702124 1
1182509 703149 1
1182510 704174 1
1182511 705199 1
1182512 706224 1
1182513 707249 1
1182514 708274 1
1182515 709299 1
1182516 710324 1
1182517 711349 1
1182518 712374 1
1182519 713399 1
1182520 714424 1
1182521 715449 1
1182522 716474 1
1182523 717499 1
1182524 718524 1
1182525 719549 1
1182526 720574 1
1182527 721599 1
1182528 722624 1
1182529 723649 1
1182530 724674 1
1182531 725699 1
1182532 726724 1
1182533 727749 1
1182534 728774 1
1182535 729799 1
1182536 730824 1
1182537 731849 1
1182538 732874 1
1182539 733899 1
1182540 734924 1
1182541 735949 1
1182542 736974 1
1182543 737999 1
1182544 739024 1
1182545 740049 1
1182546 741074 1
1182547 742099 1
1182548 743124 1
1182549 744149 1
1182550 745174 1
1182551 746199 1
1182552 747224 1
1182553 748249 1
1182554 749274 1
1182555 750299 1
1182556 751324 1
1182557 752349 1
1182558 753374 1
1182559 754399 1
1182560 755424 1
1182561 756449 1
1182562 757474 1
1182563 758499 1
1182564 759524 1
1182565 760549 1
1182566 761574 1
1182567 762599 1
1182568 763624 1
1182569 764649 1
1182570 765674 1
1182571 766699 1
1182572 767724 1
1182573 768749 1
1182574 769774 1
1182575 770799 1
1182576 771824 1
1182577 772849 1
1182578 773874 1
1182579 774899 1
1182580 775924 1
1182581 776949 1
1182582 777974 1
1182583 778999 1
1182584 780024 1
1182585 781049 1
1182586 782074 1
1182587 783099 1
1182588 784124 1
1182589 785149 1
1182590 786174 1
1182591 787199 1
1182592 788224 1
1182593 789249 1
1182594 790274 1
1182595 791299 1
1182596 792324 1
1182597 793349 1
1182598 794374 1
1182599 795399 1
1182600 796424 1
1182601 797449 1
1182602 798474 1
1182603 799499 1
1182604 800524 1
1182605 801549 1
1182606 802574 1
1182607 803599 1
1182608 804624 1
1182609 805649 1
1182610 806674 1
1182611 807699 1
1182612 808724 1
1182613 809749 1
1182614 810774 1
1182615 811799 1
1182616 812824 1
1182617 813849 1
1182618 814874 1
1182619 815899 1
1182620 816924 1
1182621 817949 1
1182622 818974 1
1182623 819999 1
1182624 821024 1
1182625 822049 1
1182626 823074 1
1182627 824099 1
1182628 825124 1
1182629 826149 1
1182630 827174 1
1182631 828199 1
1182632 829224 1
1182633 830249 1
1182634 831274 1
1182635 832299 1
1182636 833324 1
1182637 834349 1
1182638 835374 1
1182639 836399 1
1182640 837424 1
1182641 838449 1
1182642 839474 1
1182643 840499 1
1182644 841524 1
1182645 842549 1
1182646 843574 1
1182647 844599 1
1182648 845624 1
1182649 846649 1
1182650 847674 1
1182651 848699 1
1182652 849724 1
1182653 850749 1
1182654 851774 1
1182655 852799 1
1182656 853824 1
1182657 854849 1
1182658 855874 1
1182659 856899 1
1182660 857924 1
1182661 858949 1
1182662 859974 1
1182663 860999 1
1182664 862024 1
1182665 863049 1
1182666 864074 1
1182667 865099 1
1182668 866124 1
1182669 867149 1
1182670 868174 1
1182671 869199 1
1182672 870224 1
1182673 871249 1
1182674 872274 1
1182675 873299 1
1182676 874324 1
1182677 875349 1
1182678 876374 1
1182679 877399 1
1182680 878424 1
1182681 879449 1
1182682 880474 1
1182683 881499 1
1182684 882524 1
1182685 883549 1
1182686 884574 1
1182687 885599 1
1182688 886624 1
1182689 887649 1
1182690 888674 1
1182691 889699 1
1182692 890724 1
1182693 891749 1
1182694 892774 1
1182695 893799 1
1182696 894824 1
1182697 895849 1
1182698 896874 1
1182699 897899 1
1182700 898924 1
1182701 899949 1
1182702 900974 1
1182703 901999 1
1182704 903024 1
1182705 904049 1
1182706 905074 1
1182707 906099 1
1182708 907124 1
1182709 908149 1
1182710 909174 1
1182711 910199 1
1182712 911224 1
1182713 912249 1
1182714 913274 1
1182715 914299 1
1182716 915324 1
1182717 916349 1
1182718 917374 1
1182719 918399 1
1182720 919424 1
1182721 920449 1
1182722 921474 1
1182723 922499 1
1182724 923524 1
1182725 924549 1
1182726 925574 1
1182727 926599 1
1182728 927624 1
1182729 928649 1
1182730 929674 1
1182731 930699 1
1182732 931724 1
1182733 932749 1
1182734 933774 1
1182735 934799 1
1182736 935824 1
1182737 936849 1
1182738 937874 1
1182739 938899 1
1182740 939924 1
1182741 940949 1
1182742 941974 1
1182743 942999 1
1182744 944024 1
1182745 945049 1
1182746 946074 1
1182747 947099 1
1182748 948124 1
1182749 949149 1
1182750 950174 1
1182751 951199 1
1182752 952224 1
1182753 953249 1
1182754 954274 1
1182755 955299 1
1182756 956324 1
1182757 957349 1
1182758 958374 1
1182759 959399 1
1182760 960424 1
1182761 961449 1
1182762 962474 1
1182763 963499 1
1182764 964524 1
1182765 965549 1
1182766 966574 1
1182767 967599 1
1182768 968624 1
1182769 969649 1
1182770 970674 1
1182771 971699 1
1182772 972724 1
1182773 973749 1
1182774 974774 1
1182775 975799 1
1182776 976824 1
1182777 977849 1
1182778 978874 1
1182779 979899 1
1182780 980924 1
1182781 981949 1
1182782 982974 1
1182783 983999 1
1182784 985024 1
1182785 986049 1
1182786 987074 1
1182787 988099 1
1182788 989124 1
1182789 990149 1
1182790 991174 1
1182791 992199 1
1182792 993224 1
1182793 994249 1
1182794 995274 1
1182795 996299 1
1182796 997324 1
1182797 998349 1
1182798 999374 1
1182799 1000399 1
1182800 1001424 1
1182801 1002449 1
1182802 1003474 1
1182803 1004499 1
1182804 1005524 1
1182805 1006549 1
1182806 1007574 1
1182807 1008599 1
1182808 1009624 1
1182809 1010649 1
1182810 1011674 1
1182811 1012699 1
1182812 1013724 1
1182813 1014749 1
1182814 1015774 1
1182815 1016799 1
1182816 1017824 1
1182817 1018849 1
1182818 1019874 1
1182819 1020899 1
1182820 1021924 1
1182821 1022949 1
1182822 1023974 1
1182823 1024999 1
1182824 1026024 1
1182825 1027049 1
1182826 1028074 1
1182827 1029099 1
1182828 1030124 1
1182829 1031149 1
1182830 1032174 1
1182831 1033199 1
1182832 1034224 1
1182833 1035249 1
1182834 1036274 1
1182835 1037299 1
1182836 1038324 1
1182837 1039349 1
1182838 1040374 1
1182839 1041399 1
1182840 1042424 1
1182841 1043449 1
1182842 1044474 1
1182843 1045499 1
1182844 1046524 1
1182845 1047549 1
1182846 1048574 1
1182847 1049599 1
1182848 1050624 1
1182849 1051649 1
1182850 1052674 1
1182851 1053699 1
1182852 1054724 1
1182853 1055749 1
1182854 1056774 1
1182855 1057799 1
1182856 1058824 1
1182857 1059849 1
1182858 1060874 1
1182859 1061899 1
1182860 1062924 1
1182861 1063949 1
1182862 1064974 1
1182863 1065999 1
1182864 1067024 1
1182865 1068049 1
1182866 1069074 1
1182867 1070099 1
1182868 1071124 1
1182869 1072149 1
1182870 1073174 1
1182871 1074199 1
1182872 1075224 1
1182873 1076249 1
1182874 1077274 1
1182875 1078299 1
1182876 1079324 1
1182877 1080349 1
1182878 1081374 1
1182879 1082399 1
1182880 1083424 1
1182881 1084449 1
1182882 1085474 1
1182883 1086499 1
1182884 1087524 1
1182885 1088549 1
1182886 1089574 1
1182887 1090599 1
1182888 1091624 1
1182889 1092649 1
1182890 1093674 1
1182891 1094699 1
1182892 1095724 1
1182893 1096749 1
1182894 1097774 1
1182895 1098799 1
1182896 1099824 1
1182897 1100849 1
1182898 1101874 1
1182899 1102899 1
1182900 1103924 1
1182901 1104949 1
1182902 1105974 1
1182903 1106999 1
1182904 1108024 1
1182905 1109049 1
1182906 1110074 1
1182907 1111099 1
1182908 1112124 1
1182909 1113149 1
1182910 1114174 1
1182911 1115199 1
1182912 1116224 1
1182913 1117249 1
1182914 1118274 1
1182915 1119299 1
1182916 1120324 1
1182917 1121349 1
1182918 1122374 1
1182919 1123399 1
1182920 1124424 1
1182921 1125449 1
1182922 1126474 1
1182923 1127499 1
1182924 1128524 1
1182925 1129549 1
1182926 1130574 1
1182927 1131599 1
1182928 1132624 1
1182929 1133649 1
1182930 1134674 1
1182931 1135699 1
1182932 1136724 1
1182933 1137749 1
1182934 1138774 1
1182935 1139799 1
1182936 1140824 1
1182937 1141849 1
1182938 1142874 1
1182939 1143899 1
1182940 1144924 1
1182941 1145949 1
1182942 1146974 1
1182943 1147999 1
1182944 1149024 1
1182945 1150049 1
1182946 1151074 1
1182947 1152099 1
1182948 1153124 1
1182949 1154149 1
1182950 1155174 1
1182951 1156199 1
1182952 1157224 1
1182953 1158249 1
1182954 1159274 1
1182955 1160299 1
1182956 1161324 1
1182957 1162349 1
1182958 1163374 1
1182959 1164399 1
1182960 1165424 1
1182961 1166449 1
1182962 1167474 1
1182963 1168499 1
1182964 1169524 1
1182965 1170549 1
1182966 1171574 1
1182967 1172599 1
1182968 1173624 1
1182969 1174649 1
1182970 1175674 1
1182971 1176699 1
1182972 1177724 1
1182973 1178749 1
1182974 1179774 1
1182975 1180799 1
1182976 0 1
1182977 1025 1
1182978 2050 1
1182979 3075 1
1182980 4100 1
1182981 5125 1
1182982 6150 1
1182983 7175 1
1182984 8200 1
1182985 9225 1
1182986 10250 1
1182987 11275 1
1182988 12300 1
1182989 13325 1
1182990 14350 1
1182991 15375 1
1182992 16400 1
1182993 17425 1
1182994 18450 1
1182995 19475 1
1182996 20500 1
1182997 21525 1
1182998 22550 1
1182999 23575 1
1183000 24600 1
1183001 25625 1
1183002 26650 1
1183003 27675 1
1183004 28700 1
1183005 29725 1
1183006 30750 1
1183007 31775 1
1183008 32800 1
1183009 33825 1
1183010 34850 1
1183011 35875 1
1183012 36900 1
1183013 37925 1
1183014 38950 1
1183015 39975 1
1183016 41000 1
1183017 42025 1
1183018 43050 1
1183019 44075 1
1183020 45100 1
1183021 46125 1
1183022 47150 1
1183023 48175 1
1183024 49200 1
1183025 50225 1
1183026 51250 1
1183027 52275 1
1183028 53300 1
1183029 54325 1
1183030 55350 1
1183031 56375 1
1183032 57400 1
1183033 58425 1
1183034 59450 1
1183035 60475 1
1183036 61500 1
1183037 62525 1
1183038 63550 1
1183039 64575 1
1183040 65600 1
1183041 66625 1
1183042 67650 1
1183043 68675 1
1183044 69700 1
1183045 70725 1
1183046 71750 1
1183047 72775 1
1183048 73800 1
1183049 74825 1
1183050 75850 1
1183051 76875 1
1183052 77900 1
1183053 78925 1
1183054 79950 1
1183055 80975 1
1183056 82000 1
1183057 83025 1
1183058 84050 1
1183059 85075 1
1183060 86100 1
1183061 87125 1
1183062 88150 1
1183063 89175 1
1183064 90200 1
1183065 91225 1
1183066 92250 1
1183067 93275 1
1183068 94300 1
1183069 95325 1
1183070 96350 1
1183071 97375 1
1183072 98400 1
1183073 99425 1
1183074 100450 1
1183075 101475 1
1183076 102500 1
1183077 103525 1
1183078 104550 1
1183079 105575 1
1183080 106600 1
1183081 107625 1
1183082 108650 1
1183083 109675 1
1183084 110700 1
1183085 111725 1
1183086 112750 1
1183087 113775 1
1183088 114800 1
1183089 115825 1
1183090 116850 1
1183091 117875 1
1183092 118900 1
1183093 119925 1
1183094 120950 1
1183095 121975 1
1183096 123000 1
1183097 124025 1
1183098 125050 1
1183099 126075 1
1183100 127100 1
1183101 128125 1
1183102 129150 1
1183103 130175 1
1183104 131200 1
1183105 132225 1
1183106 133250 1
1183107 134275 1
1183108 135300 1
1183109 136325 1
1183110 137350 1
1183111 138375 1
1183112 139400 1
1183113 140425 1
1183114 141450 1
1183115 142475 1
1183116 143500 1
1183117 144525 1
1183118 145550 1
1183119 146575 1
1183120 147600 1
1183121 148625 1
1183122 149650 1
1183123 150675 1
1183124 151700 1
1183125 152725 1
1183126 153750 1
1183127 154775 1
1183128 155800 1
1183129 156825 1
1183130 157850 1
1183131 158875 1
1183132 159900 1
1183133 160925 1
1183134 161950 1
1183135 162975 1
1183136 164000 1
1183137 165025 1
1183138 166050 1
1183139 167075 1
1183140 168100 1
1183141 169125 1
1183142 170150 1
1183143 171175 1
1183144 172200 1
1183145 173225 1
1183146 174250 1
1183147 175275 1
1183148 176300 1
1183149 177325 1
1183150 178350 1
1183151 179375 1
1183152 180400 1
1183153 181425 1
1183154 182450 1
1183155 183475 1
1183156 184500 1
1183157 185525 1
1183158 186550 1
1183159 187575 1
1183160 188600 1
1183161 189625 1
1183162 190650 1
1183163 191675 1
1183164 192700 1
1183165 193725 1
1183166 194750 1
1183167 195775 1
1183168 196800 1
1183169 197825 1
1183170 198850 1
1183171 199875 1
1183172 200900 1
1183173 201925 1
1183174 202950 1
1183175 203975 1
1183176 205000 1
1183177 206025 1
1183178 207050 1
1183179 208075 1
1183180 209100 1
1183181 210125 1
1183182 211150 1
1183183 212175 1
1183184 213200 1
1183185 214225 1
1183186 215250 1
1183187 216275 1
1183188 217300 1
1183189 218325 1
1183190 219350 1
1183191 220375 1
1183192 221400 1
1183193 222425 1
1183194 223450 1
1183195 224475 1
1183196 225500 1
1183197 226525 1
1183198 227550 1
1183199 228575 1
1183200 229600 1
1183201 230625 1
1183202 231650 1
1183203 232675 1
1183204 233700 1
1183205 234725 1
1183206 235750 1
1183207 236775 1
1183208 237800 1
1183209 238825 1
1183210 239850 1
1183211 240875 1
1183212 241900 1
1183213 242925 1
1183214 243950 1
1183215 244975 1
1183216 246000 1
1183217 247025 1
1183218 248050 1
1183219 249075 1
1183220 250100 1
1183221 251125 1
1183222 252150 1
1183223 253175 1
1183224 254200 1
1183225 255225 1
1183226 256250 1
1183227 257275 1
1183228 258300 1
1183229 259325 1
1183230 260350 1
1183231 261375 1
1183232 262400 1
1183233 263425 1
1183234 264450 1
1183235 265475 1
1183236 266500 1
1183237 267525 1
1183238 268550 1
1183239 269575 1
1183240 270600 1
1183241 271625 1
1183242 272650 1
1183243 273675 1
1183244 274700 1
1183245 275725 1
1183246 276750 1
1183247 277775 1
1183248 278800 1
1183249 279825 1
1183250 280850 1
1183251 281875 1
1183252 282900 1
1183253 283925 1
1183254 284950 1
1183255 285975 1
1183256 287000 1
1183257 288025 1
1183258 289050 1
1183259 290075 1
1183260 291100 1
1183261 292125 1
1183262 293150 1
1183263 294175 1
1183264 295200 1
1183265 296225 1
1183266 297250 1
1183267 298275 1
1183268 299300 1
1183269 300325 1
1183270 301350 1
1183271 302375 1
1183272 303400 1
1183273 304425 1
1183274 305450 1
1183275 306475 1
1183276 307500 1
1183277 308525 1
1183278 309550 1
1183279 310575 1
1183280 311600 1
1183281 312625 1
1183282 313650 1
1183283 314675 1
1183284 315700 1
1183285 316725 1
1183286 317750 1
1183287 318775 1
1183288 319800 1
1183289 320825 1
1183290 321850 1
1183291 322875 1
1183292 323900 1
1183293 324925 1
1183294 325950 1
1183295 326975 1
1183296 328000 1
1183297 329025 1
1183298 330050 1
1183299 331075 1
1183300 332100 1
1183301 333125 1
1183302 334150 1
1183303 335175 1
1183304 336200 1
1183305 337225 1
1183306 338250 1
1183307 339275 1
1183308 340300 1
1183309 341325 1
1183310 342350 1
1183311 343375 1
1183312 344400 1
1183313 345425 1
1183314 346450 1
1183315 347475 1
1183316 348500 1
1183317 349525 1
1183318 350550 1
1183319 351575 1
1183320 352600 1
1183321 353625 1
1183322 354650 1
1183323 355675 1
1183324 356700 1
1183325 357725 1
1183326 358750 1
1183327 359775 1
1183328 360800 1
1183329 361825 1
1183330 362850 1
1183331 363875 1
1183332 364900 1
1183333 365925 1
1183334 366950 1
1183335 367975 1
1183336 369000 1
1183337 370025 1
1183338 371050 1
1183339 372075 1
1183340 373100 1
1183341 374125 1
1183342 375150 1
1183343 376175 1
1183344 377200 1
1183345 378225 1
1183346 379250 1
1183347 380275 1
1183348 381300 1
1183349 382325 1
1183350 383350 1
1183351 384375 1
1183352 385400 1
1183353 386425 1
1183354 387450 1
1183355 388475 1
1183356 389500 1
1183357 390525 1
1183358 391550 1
1183359 392575 1
1183360 393600 1
1183361 394625 1
1183362 395650 1
1183363 396675 1
1183364 397700 1
1183365 398725 1
1183366 399750 1
1183367 400775 1
1183368 401800 1
1183369 402825 1
1183370 403850 1
1183371 404875 1
1183372 405900 1
1183373 406925 1
1183374 407950 1
1183375 408975 1
1183376 410000 1
1183377 411025 1
1183378 412050 1
1183379 413075 1
1183380 414100 1
1183381 415125 1
1183382 416150 1
1183383 417175 1
1183384 418200 1
1183385 419225 1
1183386 420250 1
1183387 421275 1
1183388 422300 1
1183389 423325 1
1183390 424350 1
1183391 425375 1
1183392 426400 1
1183393 427425 1
1183394 428450 1
1183395 429475 1
1183396 430500 1
1183397 431525 1
1183398 432550 1
1183399 433575 1
1183400 434600 1
1183401 435625 1
1183402 436650 1
1183403 437675 1
1183404 438700 1
1183405 439725 1
1183406 440750 1
1183407 441775 1
1183408 442800 1
1183409 443825 1
1183410 444850 1
1183411 445875 1
1183412 446900 1
1183413 447925 1
1183414 448950 1
1183415 449975 1
1183416 451000 1
1183417 452025 1
1183418 453050 1
1183419 454075 1
1183420 455100 1
1183421 456125 1
1183422 457150 1
1183423 458175 1
1183424 459200 1
1183425 460225 1
1183426 461250 1
1183427 462275 1
1183428 463300 1
1183429 464325 1
1183430 465350 1
1183431 466375 1
1183432 467400 1
1183433 468425 1
1183434 469450 1
1183435 470475 1
1183436 471500 1
1183437 472525 1
1183438 473550 1
1183439 474575 1
1183440 475600 1
1183441 476625 1
1183442 477650 1
1183443 478675 1
1183444 479700 1
1183445 480725 1
1183446 481750 1
1183447 482775 1
1183448 483800 1
1183449 484825 1
1183450 485850 1
1183451 486875 1
1183452 487900 1
1183453 488925 1
1183454 489950 1
1183455 490975 1
1183456 492000 1
1183457 493025 1
1183458 494050 1
1183459 495075 1
1183460 496100 1
1183461 497125 1
1183462 498150 1
1183463 499175 1
1183464 500200 1
1183465 501225 1
1183466 502250 1
1183467 503275 1
1183468 504300 1
1183469 505325 1
1183470 506350 1
1183471 507375 1
1183472 508400 1
1183473 509425 1
1183474 510450 1
1183475 511475 1
1183476 512500 1
1183477 513525 1
1183478 514550 1
1183479 515575 1
1183480 516600 1
1183481 517625 1
1183482 518650 1
1183483 519675 1
1183484 520700 1
1183485 521725 1
1183486 522750 1
1183487 523775 1
1183488 524800 1
1183489 525825 1
1183490 526850 1
1183491 527875 1
1183492 528900 1
1183493 529925 1
1183494 530950 1
1183495 531975 1
1183496 533000 1
1183497 534025 1
1183498 535050 1
1183499 536075 1
1183500 537100 1
1183501 538125 1
1183502 539150 1
1183503 540175 1
1183504 541200 1
1183505 542225 1
1183506 543250 1
1183507 544275 1
1183508 545300 1
1183509 546325 1
1183510 547350 1
1183511 548375 1
1183512 549400 1
1183513 550425 1
1183514 551450 1
1183515 552475 1
1183516 553500 1
1183517 554525 1
1183518 555550 1
1183519 556575 1
1183520 557600 1
1183521 558625 1
1183522 559650 1
1183523 560675 1
1183524 561700 1
1183525 562725 1
1183526 563750 1
1183527 564775 1
1183528 565800 1
1183529 566825 1
1183530 567850 1
1183531 568875 1
1183532 569900 1
1183533 570925 1
1183534 571950 1
1183535 572975 1
1183536 574000 1
1183537 575025 1
1183538 576050 1
1183539 577075 1
1183540 578100 1
1183541 579125 1
1183542 580150 1
1183543 581175 1
1183544 582200 1
1183545 583225 1
1183546 584250 1
1183547 585275 1
1183548 586300 1
1183549 587325 1
1183550 588350 1
1183551 589375 1
1183552 590400 1
1183553 591425 1
1183554 592450 1
1183555 593475 1
1183556 594500 1
1183557 595525 1
1183558 596550 1
1183559 597575 1
1183560 598600 1
1183561 599625 1
1183562 600650 1
1183563 601675 1
1183564 602700 1
1183565 603725 1
1183566 604750 1
1183567 605775 1
1183568 606800 1
1183569 607825 1
1183570 608850 1
1183571 609875 1
1183572 610900 1
1183573 611925 1
1183574 612950 1
1183575 613975 1
1183576 615000 1
1183577 616025 1
1183578 617050 1
1183579 618075 1
1183580 619100 1
1183581 620125 1
1183582 621150 1
1183583 622175 1
1183584 623200 1
1183585 624225 1
1183586 625250 1
1183587 626275 1
1183588 627300 1
1183589 628325 1
1183590 629350 1
1183591 630375 1
1183592 631400 1
1183593 632425 1
1183594 633450 1
1183595 634475 1
1183596 635500 1
1183597 636525 1
1183598 637550 1
1183599 638575 1
1183600 639600 1
1183601 640625 1
1183602 641650 1
1183603 642675 1
1183604 643700 1
1183605 644725 1
1183606 645750 1
1183607 646775 1
1183608 647800 1
1183609 648825 1
1183610 649850 1
1183611 650875 1
1183612 651900 1
1183613 652925 1
1183614 653950 1
1183615 654975 1
1183616 656000 1
1183617 657025 1
1183618 658050 1
1183619 659075 1
1183620 660100 1
1183621 661125 1
1183622 662150 1
1183623 663175 1
1183624 664200 1
1183625 665225 1
1183626 666250 1
1183627 667275 1
1183628 668300 1
1183629 669325 1
1183630 670350 1
1183631 671375 1
1183632 672400 1
1183633 673425 1
1183634 674450 1
1183635 675475 1
1183636 676500 1
1183637 677525 1
1183638 678550 1
1183639 679575 1
1183640 680600 1
1183641 681625 1
1183642 682650 1
1183643 683675 1
1183644 684700 1
1183645 685725 1
1183646 686750 1
1183647 687775 1
1183648 688800 1
1183649 689825 1
1183650 690850 1
1183651 691875 1
1183652 692900 1
1183653 693925 1
1183654 694950 1
1183655 695975 1
1183656 697000 1
1183657 698025 1
1183658 699050 1
1183659 700075 1
1183660 701100 1
1183661 702125 1
1183662 703150 1
1183663 704175 1
1183664 705200 1
1183665 706225 1
1183666 707250 1
1183667 708275 1
1183668 709300 1
1183669 710325 1
1183670 711350 1
1183671 712375 1
1183672 713400 1
1183673 714425 1
1183674 715450 1
1183675 716475 1
1183676 717500 1
1183677 718525 1
1183678 719550 1
1183679 720575 1
1183680 721600 1
1183681 722625 1
1183682 723650 1
1183683 724675 1
1183684 725700 1
1183685 726725 1
1183686 727750 1
1183687 728775 1
1183688 729800 1
1183689 730825 1
1183690 731850 1
1183691 732875 1
1183692 733900 1
1183693 734925 1
1183694 735950 1
1183695 736975 1
1183696 738000 1
1183697 739025 1
1183698 740050 1
1183699 741075 1
1183700 742100 1
1183701 743125 1
1183702 744150 1
1183703 745175 1
1183704 746200 1
1183705 747225 1
1183706 748250 1
1183707 749275 1
1183708 750300 1
1183709 751325 1
1183710 752350 1
1183711 753375 1
1183712 754400 1
1183713 755425 1
1183714 756450 1
1183715 757475 1
1183716 758500 1
1183717 759525 1
1183718 760550 1
1183719 761575 1
1183720 762600 1
1183721 763625 1
1183722 764650 1
1183723 765675 1
1183724 766700 1
1183725 767725 1
1183726 768750 1
1183727 769775 1
1183728 770800 1
1183729 771825 1
1183730 772850 1
1183731 773875 1
1183732 774900 1
1183733 775925 1
1183734 776950 1
1183735 777975 1
1183736 779000 1
1183737 780025 1
1183738 781050 1
1183739 782075 1
1183740 783100 1
1183741 784125 1
1183742 785150 1
1183743 786175 1
1183744 787200 1
1183745 788225 1
1183746 789250 1
1183747 790275 1
1183748 791300 1
1183749 792325 1
1183750 793350 1
1183751 794375 1
1183752 795400 1
1183753 796425 1
1183754 797450 1
1183755 798475 1
1183756 799500 1
1183757 800525 1
1183758 801550 1
1183759 802575 1
1183760 803600 1
1183761 804625 1
1183762 805650 1
1183763 806675 1
1183764 807700 1
1183765 808725 1
1183766 809750 1
1183767 810775 1
1183768 811800 1
1183769 812825 1
1183770 813850 1
1183771 814875 1
1183772 815900 1
1183773 816925 1
1183774 817950 1
1183775 818975 1
1183776 820000 1
1183777 821025 1
1183778 822050 1
1183779 823075 1
1183780 824100 1
1183781 825125 1
1183782 826150 1
1183783 827175 1
1183784 828200 1
1183785 829225 1
1183786 830250 1
1183787 831275 1
1183788 832300 1
1183789 833325 1
1183790 834350 1
1183791 835375 1
1183792 836400 1
1183793 837425 1
1183794 838450 1
1183795 839475 1
1183796 840500 1
1183797 841525 1
1183798 842550 1
1183799 843575 1
1183800 844600 1
1183801 845625 1
1183802 846650 1
1183803 847675 1
1183804 848700 1
1183805 849725 1
1183806 850750 1
1183807 851775 1
1183808 852800 1
1183809 853825 1
1183810 854850 1
1183811 855875 1
1183812 856900 1
1183813 857925 1
1183814 858950 1
1183815 859975 1
1183816 861000 1
1183817 862025 1
1183818 863050 1
1183819 864075 1
1183820 865100 1
1183821 866125 1
1183822 867150 1
1183823 868175 1
1183824 869200 1
1183825 870225 1
1183826 871250 1
1183827 872275 1
1183828 873300 1
1183829 874325 1
1183830 875350 1
1183831 876375 1
1183832 877400 1
1183833 878425 1
1183834 879450 1
1183835 880475 1
1183836 881500 1
1183837 882525 1
1183838 883550 1
1183839 884575 1
1183840 885600 1
1183841 886625 1
1183842 887650 1
1183843 888675 1
1183844 889700 1
1183845 890725 1
1183846 891750 1
1183847 892775 1
1183848 893800 1
1183849 894825 1
1183850 895850 1
1183851 896875 1
1183852 897900 1
1183853 898925 1
1183854 899950 1
1183855 900975 1
1183856 902000 1
1183857 903025 1
1183858 904050 1
1183859 905075 1
1183860 906100 1
1183861 907125 1
1183862 908150 1
1183863 909175 1
1183864 910200 1
1183865 911225 1
1183866 912250 1
1183867 913275 1
1183868 914300 1
1183869 915325 1
1183870 916350 1
1183871 917375 1
1183872 918400 1
1183873 919425 1
1183874 920450 1
1183875 921475 1
1183876 922500 1
1183877 923525 1
1183878 924550 1
1183879 925575 1
1183880 926600 1
1183881 927625 1
1183882 928650 1
1183883 929675 1
1183884 930700 1
1183885 931725 1
1183886 932750 1
1183887 933775 1
1183888 934800 1
1183889 935825 1
1183890 936850 1
1183891 937875 1
1183892 938900 1
1183893 939925 1
1183894 940950 1
1183895 941975 1
1183896 943000 1
1183897 944025 1
1183898 945050 1
1183899 946075 1
1183900 947100 1
1183901 948125 1
1183902 949150 1
1183903 950175 1
1183904 951200 1
1183905 952225 1
1183906 953250 1
1183907 954275 1
1183908 955300 1
1183909 956325 1
1183910 957350 1
1183911 958375 1
1183912 959400 1
1183913 960425 1
1183914 961450 1
1183915 962475 1
1183916 963500 1
1183917 964525 1
1183918 965550 1
1183919 966575 1
1183920 967600 1
1183921 968625 1
1183922 969650 1
1183923 970675 1
1183924 971700 1
1183925 972725 1
1183926 973750 1
1183927 974775 1
1183928 975800 1
1183929 976825 1
1183930 977850 1
1183931 978875 1
1183932 979900 1
1183933 980925 1
1183934 981950 1
1183935 982975 1
1183936 984000 1
1183937 985025 1
1183938 986050 1
1183939 987075 1
1183940 988100 1
1183941 989125 1
1183942 990150 1
1183943 991175 1
1183944 992200 1
1183945 993225 1
1183946 994250 1
1183947 995275 1
1183948 996300 1
1183949 997325 1
1183950 998350 1
1183951 999375 1
1183952 1000400 1
1183953 1001425 1
1183954 1002450 1
1183955 1003475 1
1183956 1004500 1
1183957 1005525 1
1183958 1006550 1
1183959 1007575 1
1183960 1008600 1
1183961 1009625 1
1183962 1010650 1
1183963 1011675 1
1183964 1012700 1
1183965 1013725 1
1183966 1014750 1
1183967 1015775 1
1183968 1016800 1
1183969 1017825 1
1183970 1018850 1
1183971 1019875 1
1183972 1020900 1
1183973 1021925 1
1183974 1022950 1
1183975 1023975 1
1183976 1025000 1
1183977 1026025 1
1183978 1027050 1
1183979 1028075 1
1183980 1029100 1
1183981 1030125 1
1183982 1031150 1
1183983 1032175 1
1183984 1033200 1
1183985 1034225 1
1183986 1035250 1
1183987 1036275 1
1183988 1037300 1
1183989 1038325 1
1183990 1039350 1
1183991 1040375 1
1183992 1041400 1
1183993 1042425 1
1183994 1043450 1
1183995 1044475 1
1183996 1045500 1
1183997 1046525 1
1183998 1047550 1
1183999 1048575 1
1184000 1049600 1
1184001 1050625 1
1184002 1051650 1
1184003 1052675 1
1184004 1053700 1
1184005 1054725 1
1184006 1055750 1
1184007 1056775 1
1184008 1057800 1
1184009 1058825 1
1184010 1059850 1
1184011 1060875 1
1184012 1061900 1
1184013 1062925 1
1184014 1063950 1
1184015 1064975 1
1184016 1066000 1
1184017 1067025 1
1184018 1068050 1
1184019 1069075 1
1184020 1070100 1
1184021 1071125 1
1184022 1072150 1
1184023 1073175 1
1184024 1074200 1
1184025 1075225 1
1184026 1076250 1
1184027 1077275 1
1184028 1078300 1
1184029 1079325 1
1184030 1080350 1
1184031 1081375 1
1184032 1082400 1
1184033 1083425 1
1184034 1084450 1
1184035 1085475 1
1184036 1086500 1
1184037 1087525 1
1184038 1088550 1
1184039 1089575 1
1184040 1090600 1
1184041 1091625 1
1184042 1092650 1
1184043 1093675 1
1184044 1094700 1
1184045 1095725 1
1184046 1096750 1
1184047 1097775 1
1184048 1098800 1
1184049 1099825 1
1184050 1100850 1
1184051 1101875 1
1184052 1102900 1
1184053 1103925 1
1184054 1104950 1
1184055 1105975 1
1184056 1107000 1
1184057 1108025 1
1184058 1109050 1
1184059 1110075 1
1184060 1111100 1
1184061 1112125 1
1184062 1113150 1
1184063 1114175 1
1184064 1115200 1
1184065 1116225 1
1184066 1117250 1
1184067 1118275 1
1184068 1119300 1
1184069 1120325 1
1184070 1121350 1
1184071 1122375 1
1184072 1123400 1
1184073 1124425 1
1184074 1125450 1
1184075 1126475 1
1184076 1127500 1
1184077 1128525 1
1184078 1129550 1
1184079 1130575 1
1184080 1131600 1
1184081 1132625 1
1184082 1133650 1
1184083 1134675 1
1184084 1135700 1
1184085 1136725 1
1184086 1137750 1
1184087 1138775 1
1184088 1139800 1
1184089 1140825 1
1184090 1141850 1
1184091 1142875 1
1184092 1143900 1
1184093 1144925 1
1184094 1145950 1
1184095 1146975 1
1184096 1148000 1
1184097 1149025 1
1184098 1150050 1
1184099 1151075 1
1184100 1152100 1
1184101 1153125 1
1184102 1154150 1
1184103 1155175 1
1184104 1156200 1
1184105 1157225 1
1184106 1158250 1
1184107 1159275 1
1184108 1160300 1
1184109 1161325 1
1184110 1162350 1
1184111 1163375 1
1184112 1164400 1
1184113 1165425 1
1184114 1166450 1
1184115 1167475 1
1184116 1168500 1
1184117 1169525 1
1184118 1170550 1
1184119 1171575 1
1184120 1172600 1
1184121 1173625 1
1184122 1174650 1
1184123 1175675 1
1184124 1176700 1
1184125 1177725 1
1184126 1178750 1
1184127 1179775 1
