# 1664 3
295488 1 1
295489 3 1
295490 5 1
295491 7 1
295492 9 1
295493 11 1
295494 13 1
295495 15 1
295496 17 1
295497 19 1
295498 21 1
295499 23 1
295500 25 1
295501 27 1
295502 29 1
295503 31 1
295504 33 1
295505 35 1
295506 37 1
295507 39 1
295508 41 1
295509 43 1
295510 45 1
295511 47 1
295512 49 1
295513 51 1
295514 53 1
295515 55 1
295516 57 1
295517 59 1
295518 61 1
295519 63 1
295520 65 1
295521 67 1
295522 69 1
295523 71 1
295524 73 1
295525 75 1
295526 77 1
295527 79 1
295528 81 1
295529 83 1
295530 85 1
295531 87 1
295532 89 1
295533 91 1
295534 93 1
295535 95 1
295536 97 1
295537 99 1
295538 101 1
295539 103 1
295540 105 1
295541 107 1
295542 109 1
295543 111 1
295544 113 1
295545 115 1
295546 117 1
295547 119 1
295548 121 1
295549 123 1
295550 125 1
295551 127 1
295552 129 1
295553 131 1
295554 133 1
295555 135 1
295556 137 1
295557 139 1
295558 141 1
295559 143 1
295560 145 1
295561 147 1
295562 149 1
295563 151 1
295564 153 1
295565 155 1
295566 157 1
295567 159 1
295568 161 1
295569 163 1
295570 165 1
295571 167 1
295572 169 1
295573 171 1
295574 173 1
295575 175 1
295576 177 1
295577 179 1
295578 181 1
295579 183 1
295580 185 1
295581 187 1
295582 189 1
295583 191 1
295584 193 1
295585 195 1
295586 197 1
295587 199 1
295588 201 1
295589 203 1
295590 205 1
295591 207 1
295592 209 1
295593 211 1
295594 213 1
295595 215 1
295596 217 1
295597 219 1
295598 221 1
295599 223 1
295600 225 1
295601 227 1
295602 229 1
295603 231 1
295604 233 1
295605 235 1
295606 237 1
295607 239 1
295608 241 1
295609 243 1
295610 245 1
295611 247 1
295612 249 1
295613 251 1
295614 253 1
295615 255 1
295616 257 1
295617 259 1
295618 261 1
295619 263 1
295620 265 1
295621 267 1
295622 269 1
295623 271 1
295624 273 1
295625 275 1
295626 277 1
295627 279 1
295628 281 1
295629 283 1
295630 285 1
295631 287 1
295632 289 1
295633 291 1
295634 293 1
295635 295 1
295636 297 1
295637 299 1
295638 301 1
295639 303 1
295640 305 1
295641 307 1
295642 309 1
295643 311 1
295644 313 1
295645 315 1
295646 317 1
295647 319 1
295648 321 1
295649 323 1
295650 325 1
295651 327 1
295652 329 1
295653 331 1
295654 333 1
295655 335 1
295656 337 1
295657 339 1
295658 341 1
295659 343 1
295660 345 1
295661 347 1
295662 349 1
295663 351 1
295664 353 1
295665 355 1
295666 357 1
295667 359 1
295668 361 1
295669 363 1
295670 365 1
295671 367 1
295672 369 1
295673 371 1
295674 373 1
295675 375 1
295676 377 1
295677 379 1
295678 381 1
295679 383 1
295680 385 1
295681 387 1
295682 389 1
295683 391 1
295684 393 1
295685 395 1
295686 397 1
295687 399 1
295688 401 1
295689 403 1
295690 405 1
295691 407 1
295692 409 1
295693 411 1
295694 413 1
295695 415 1
295696 417 1
295697 419 1
295698 421 1
295699 423 1
295700 425 1
295701 427 1
295702 429 1
295703 431 1
295704 433 1
295705 435 1
295706 437 1
295707 439 1
295708 441 1
295709 443 1
295710 445 1
295711 447 1
295712 449 1
295713 451 1
295714 453 1
295715 455 1
295716 457 1
295717 459 1
295718 461 1
295719 463 1
295720 465 1
295721 467 1
295722 469 1
295723 471 1
295724 473 1
295725 475 1
295726 477 1
295727 479 1
295728 481 1
295729 483 1
295730 485 1
295731 487 1
295732 489 1
295733 491 1
295734 493 1
295735 495 1
295736 497 1
295737 499 1
295738 501 1
295739 503 1
295740 505 1
295741 507 1
295742 509 1
295743 511 1
295744 294976 1
295745 294978 1
295746 294980 1
295747 294982 1
295748 294984 1
295749 294986 1
295750 294988 1
295751 294990 1
295752 294992 1
295753 294994 1
295754 294996 1
295755 294998 1
295756 295000 1
295757 295002 1
295758 295004 1
295759 295006 1
295760 295008 1
295761 295010 1
295762 295012 1
295763 295014 1
295764 295016 1
295765 295018 1
295766 295020 1
295767 295022 1
295768 295024 1
295769 295026 1
295770 295028 1
295771 295030 1
295772 295032 1
295773 295034 1
295774 295036 1
295775 295038 1
295776 295040 1
295777 295042 1
295778 295044 1
295779 295046 1
295780 295048 1
295781 295050 1
295782 295052 1
295783 295054 1
295784 295056 1
295785 295058 1
295786 295060 1
295787 295062 1
295788 295064 1
295789 295066 1
295790 295068 1
295791 295070 1
295792 295072 1
295793 295074 1
295794 295076 1
295795 295078 1
295796 295080 1
295797 295082 1
295798 295084 1
295799 295086 1
295800 295088 1
295801 295090 1
295802 295092 1
295803 295094 1
295804 295096 1
295805 295098 1
295806 295100 1
295807 295102 1
295808 295104 1
295809 295106 1
295810 295108 1
295811 295110 1
295812 295112 1
295813 295114 1
295814 295116 1
295815 295118 1
295816 295120 1
295817 295122 1
295818 295124 1
295819 295126 1
295820 295128 1
295821 295130 1
295822 295132 1
295823 295134 1
295824 295136 1
295825 295138 1
295826 295140 1
295827 295142 1
295828 295144 1
295829 295146 1
295830 295148 1
295831 295150 1
295832 295152 1
295833 295154 1
295834 295156 1
295835 295158 1
295836 295160 1
295837 295162 1
295838 295164 1
295839 295166 1
295840 295168 1
295841 295170 1
295842 295172 1
295843 295174 1
295844 295176 1
295845 295178 1
295846 295180 1
295847 295182 1
295848 295184 1
295849 295186 1
295850 295188 1
295851 295190 1
295852 295192 1
295853 295194 1
295854 295196 1
295855 295198 1
295856 295200 1
295857 295202 1
295858 295204 1
295859 295206 1
295860 295208 1
295861 295210 1
295862 295212 1
295863 295214 1
295864 295216 1
295865 295218 1
295866 295220 1
295867 295222 1
295868 295224 1
295869 295226 1
295870 295228 1
295871 295230 1
295872 295232 1
295873 295234 1
295874 295236 1
295875 295238 1
295876 295240 1
295877 295242 1
295878 295244 1
295879 295246 1
295880 295248 1
295881 295250 1
295882 295252 1
295883 295254 1
295884 295256 1
295885 295258 1
295886 295260 1
295887 295262 1
295888 295264 1
295889 295266 1
295890 295268 1
295891 295270 1
295892 295272 1
295893 295274 1
295894 295276 1
295895 295278 1
295896 295280 1
295897 295282 1
295898 295284 1
295899 295286 1
295900 295288 1
295901 295290 1
295902 295292 1
295903 295294 1
295904 295296 1
295905 295298 1
295906 295300 1
295907 295302 1
295908 295304 1
295909 295306 1
295910 295308 1
295911 295310 1
295912 295312 1
295913 295314 1
295914 295316 1
295915 295318 1
295916 295320 1
295917 295322 1
295918 295324 1
295919 295326 1
295920 295328 1
295921 295330 1
295922 295332 1
295923 295334 1
295924 295336 1
295925 295338 1
295926 295340 1
295927 295342 1
295928 295344 1
295929 295346 1
295930 295348 1
295931 295350 1
295932 295352 1
295933 295354 1
295934 295356 1
295935 295358 1
295936 295360 1
295937 295362 1
295938 295364 1
295939 295366 1
295940 295368 1
295941 295370 1
295942 295372 1
295943 295374 1
295944 295376 1
295945 295378 1
295946 295380 1
295947 295382 1
295948 295384 1
295949 295386 1
295950 295388 1
295951 295390 1
295952 295392 1
295953 295394 1
295954 295396 1
295955 295398 1
295956 295400 1
295957 295402 1
295958 295404 1
295959 295406 1
295960 295408 1
295961 295410 1
295962 295412 1
295963 295414 1
295964 295416 1
295965 295418 1
295966 295420 1
295967 295422 1
295968 295424 1
295969 295426 1
295970 295428 1
295971 295430 1
295972 295432 1
295973 295434 1
295974 295436 1
295975 295438 1
295976 295440 1
295977 295442 1
295978 295444 1
295979 295446 1
295980 295448 1
295981 295450 1
295982 295452 1
295983 295454 1
295984 295456 1
295985 295458 1
295986 295460 1
295987 295462 1
295988 295464 1
295989 295466 1
295990 295468 1
295991 295470 1
295992 295472 1
295993 295474 1
295994 295476 1
295995 295478 1
295996 295480 1
295997 295482 1
295998 295484 1
295999 295486 1
296000 512 1
296001 1025 1
296002 1538 1
296003 2051 1
296004 2564 1
296005 3077 1
296006 3590 1
296007 4103 1
296008 4616 1
296009 5129 1
296010 5642 1
296011 6155 1
296012 6668 1
296013 7181 1
296014 7694 1
296015 8207 1
296016 8720 1
296017 9233 1
296018 9746 1
296019 10259 1
296020 10772 1
296021 11285 1
296022 11798 1
296023 12311 1
296024 12824 1
296025 13337 1
296026 13850 1
296027 14363 1
296028 14876 1
296029 15389 1
296030 15902 1
296031 16415 1
296032 16928 1
296033 17441 1
296034 17954 1
296035 18467 1
296036 18980 1
296037 19493 1
296038 20006 1
296039 20519 1
296040 21032 1
296041 21545 1
296042 22058 1
296043 22571 1
296044 23084 1
296045 23597 1
296046 24110 1
296047 24623 1
296048 25136 1
296049 25649 1
296050 26162 1
296051 26675 1
296052 27188 1
296053 27701 1
296054 28214 1
296055 28727 1
296056 29240 1
296057 29753 1
296058 30266 1
296059 30779 1
296060 31292 1
296061 31805 1
296062 32318 1
296063 32831 1
296064 33344 1
296065 33857 1
296066 34370 1
296067 34883 1
296068 35396 1
296069 35909 1
296070 36422 1
296071 36935 1
296072 37448 1
296073 37961 1
296074 38474 1
296075 38987 1
296076 39500 1
296077 40013 1
296078 40526 1
296079 41039 1
296080 41552 1
296081 42065 1
296082 42578 1
296083 43091 1
296084 43604 1
296085 44117 1
296086 44630 1
296087 45143 1
296088 45656 1
296089 46169 1
296090 46682 1
296091 47195 1
296092 47708 1
296093 48221 1
296094 48734 1
296095 49247 1
296096 49760 1
296097 50273 1
296098 50786 1
296099 51299 1
296100 51812 1
296101 52325 1
296102 52838 1
296103 53351 1
296104 53864 1
296105 54377 1
296106 54890 1
296107 55403 1
296108 55916 1
296109 56429 1
296110 56942 1
296111 57455 1
296112 57968 1
296113 58481 1
296114 58994 1
296115 59507 1
296116 60020 1
296117 60533 1
296118 61046 1
296119 61559 1
296120 62072 1
296121 62585 1
296122 63098 1
296123 63611 1
296124 64124 1
296125 64637 1
296126 65150 1
296127 65663 1
296128 66176 1
296129 66689 1
296130 67202 1
296131 67715 1
296132 68228 1
296133 68741 1
296134 69254 1
296135 69767 1
296136 70280 1
296137 70793 1
296138 71306 1
296139 71819 1
296140 72332 1
296141 72845 1
296142 73358 1
296143 73871 1
296144 74384 1
296145 74897 1
296146 75410 1
296147 75923 1
296148 76436 1
296149 76949 1
296150 77462 1
296151 77975 1
296152 78488 1
296153 79001 1
296154 79514 1
296155 80027 1
296156 80540 1
296157 81053 1
296158 81566 1
296159 82079 1
296160 82592 1
296161 83105 1
296162 83618 1
296163 84131 1
296164 84644 1
296165 85157 1
296166 85670 1
296167 86183 1
296168 86696 1
296169 87209 1
296170 87722 1
296171 88235 1
296172 88748 1
296173 89261 1
296174 89774 1
296175 90287 1
296176 90800 1
296177 91313 1
296178 91826 1
296179 92339 1
296180 92852 1
296181 93365 1
296182 93878 1
296183 94391 1
296184 94904 1
296185 95417 1
296186 95930 1
296187 96443 1
296188 96956 1
296189 97469 1
296190 97982 1
296191 98495 1
296192 99008 1
296193 99521 1
296194 100034 1
296195 100547 1
296196 101060 1
296197 101573 1
296198 102086 1
296199 102599 1
296200 103112 1
296201 103625 1
296202 104138 1
296203 104651 1
296204 105164 1
296205 105677 1
296206 106190 1
296207 106703 1
296208 107216 1
296209 107729 1
296210 108242 1
296211 108755 1
296212 109268 1
296213 109781 1
296214 110294 1
296215 110807 1
296216 111320 1
296217 111833 1
296218 112346 1
296219 112859 1
296220 113372 1
296221 113885 1
296222 114398 1
296223 114911 1
296224 115424 1
296225 115937 1
296226 116450 1
296227 116963 1
296228 117476 1
296229 117989 1
296230 118502 1
296231 119015 1
296232 119528 1
296233 120041 1
296234 120554 1
296235 121067 1
296236 121580 1
296237 122093 1
296238 122606 1
296239 123119 1
296240 123632 1
296241 124145 1
296242 124658 1
296243 125171 1
296244 125684 1
296245 126197 1
296246 126710 1
296247 127223 1
296248 127736 1
296249 128249 1
296250 128762 1
296251 129275 1
296252 129788 1
296253 130301 1
296254 130814 1
296255 131327 1
296256 131840 1
296257 132353 1
296258 132866 1
296259 133379 1
296260 133892 1
296261 134405 1
296262 134918 1
296263 135431 1
296264 135944 1
296265 136457 1
296266 136970 1
296267 137483 1
296268 137996 1
296269 138509 1
296270 139022 1
296271 139535 1
296272 140048 1
296273 140561 1
296274 141074 1
296275 141587 1
296276 142100 1
296277 142613 1
296278 143126 1
296279 143639 1
296280 144152 1
296281 144665 1
296282 145178 1
296283 145691 1
296284 146204 1
296285 146717 1
296286 147230 1
296287 147743 1
296288 148256 1
296289 148769 1
296290 149282 1
296291 149795 1
296292 150308 1
296293 150821 1
296294 151334 1
296295 151847 1
296296 152360 1
296297 152873 1
296298 153386 1
296299 153899 1
296300 154412 1
296301 154925 1
296302 155438 1
296303 155951 1
296304 156464 1
296305 156977 1
296306 157490 1
296307 158003 1
296308 158516 1
296309 159029 1
296310 159542 1
296311 160055 1
296312 160568 1
296313 161081 1
296314 161594 1
296315 162107 1
296316 162620 1
296317 163133 1
296318 163646 1
296319 164159 1
296320 164672 1
296321 165185 1
296322 165698 1
296323 166211 1
296324 166724 1
296325 167237 1
296326 167750 1
296327 168263 1
296328 168776 1
296329 169289 1
296330 169802 1
296331 170315 1
296332 170828 1
296333 171341 1
296334 171854 1
296335 172367 1
296336 172880 1
296337 173393 1
296338 173906 1
296339 174419 1
296340 174932 1
296341 175445 1
296342 175958 1
296343 176471 1
296344 176984 1
296345 177497 1
296346 178010 1
296347 178523 1
296348 179036 1
296349 179549 1
296350 180062 1
296351 180575 1
296352 181088 1
296353 181601 1
296354 182114 1
296355 182627 1
296356 183140 1
296357 183653 1
296358 184166 1
296359 184679 1
296360 185192 1
296361 185705 1
296362 186218 1
296363 186731 1
296364 187244 1
296365 187757 1
296366 188270 1
296367 188783 1
296368 189296 1
296369 189809 1
296370 190322 1
296371 190835 1
296372 191348 1
296373 191861 1
296374 192374 1
296375 192887 1
296376 193400 1
296377 193913 1
296378 194426 1
296379 194939 1
296380 195452 1
296381 195965 1
296382 196478 1
296383 196991 1
296384 197504 1
296385 198017 1
296386 198530 1
296387 199043 1
296388 199556 1
296389 200069 1
296390 200582 1
296391 201095 1
296392 201608 1
296393 202121 1
296394 202634 1
296395 203147 1
296396 203660 1
296397 204173 1
296398 204686 1
296399 205199 1
296400 205712 1
296401 206225 1
296402 206738 1
296403 207251 1
296404 207764 1
296405 208277 1
296406 208790 1
296407 209303 1
296408 209816 1
296409 210329 1
296410 210842 1
296411 211355 1
296412 211868 1
296413 212381 1
296414 212894 1
296415 213407 1
296416 213920 1
296417 214433 1
296418 214946 1
296419 215459 1
296420 215972 1
296421 216485 1
296422 216998 1
296423 217511 1
296424 218024 1
296425 218537 1
296426 219050 1
296427 219563 1
296428 220076 1
296429 220589 1
296430 221102 1
296431 221615 1
296432 222128 1
296433 222641 1
296434 223154 1
296435 223667 1
296436 224180 1
296437 224693 1
296438 225206 1
296439 225719 1
296440 226232 1
296441 226745 1
296442 227258 1
296443 227771 1
296444 228284 1
296445 228797 1
296446 229310 1
296447 229823 1
296448 230336 1
296449 230849 1
296450 231362 1
296451 231875 1
296452 232388 1
296453 232901 1
296454 233414 1
296455 233927 1
296456 234440 1
296457 234953 1
296458 235466 1
296459 235979 1
296460 236492 1
296461 237005 1
296462 237518 1
296463 238031 1
296464 238544 1
296465 239057 1
296466 239570 1
296467 240083 1
296468 240596 1
296469 241109 1
296470 241622 1
296471 242135 1
296472 242648 1
296473 243161 1
296474 243674 1
296475 244187 1
296476 244700 1
296477 245213 1
296478 245726 1
296479 246239 1
296480 246752 1
296481 247265 1
296482 247778 1
296483 248291 1
296484 248804 1
296485 249317 1
296486 249830 1
296487 250343 1
296488 250856 1
296489 251369 1
296490 251882 1
296491 252395 1
296492 252908 1
296493 253421 1
296494 253934 1
296495 254447 1
296496 254960 1
296497 255473 1
296498 255986 1
296499 256499 1
296500 257012 1
296501 257525 1
296502 258038 1
296503 258551 1
296504 259064 1
296505 259577 1
296506 260090 1
296507 260603 1
296508 261116 1
296509 261629 1
296510 262142 1
296511 262655 1
296512 263168 1
296513 263681 1
296514 264194 1
296515 264707 1
296516 265220 1
296517 265733 1
296518 266246 1
296519 266759 1
296520 267272 1
296521 267785 1
296522 268298 1
296523 268811 1
296524 269324 1
296525 269837 1
296526 270350 1
296527 270863 1
296528 271376 1
296529 271889 1
296530 272402 1
296531 272915 1
296532 273428 1
296533 273941 1
296534 274454 1
296535 274967 1
296536 275480 1
296537 275993 1
296538 276506 1
296539 277019 1
296540 277532 1
296541 278045 1
296542 278558 1
296543 279071 1
296544 279584 1
296545 280097 1
296546 280610 1
296547 281123 1
296548 281636 1
296549 282149 1
296550 282662 1
296551 283175 1
296552 283688 1
296553 284201 1
296554 284714 1
296555 285227 1
296556 285740 1
296557 286253 1
296558 286766 1
296559 287279 1
296560 287792 1
296561 288305 1
296562 288818 1
296563 289331 1
296564 289844 1
296565 290357 1
296566 290870 1
296567 291383 1
296568 291896 1
296569 292409 1
296570 292922 1
296571 293435 1
296572 293948 1
296573 294461 1
296574 294974 1
296575 295487 1
296576 0 1
296577 513 1
296578 1026 1
296579 1539 1
296580 2052 1
296581 2565 1
296582 3078 1
296583 3591 1
296584 4104 1
296585 4617 1
296586 5130 1
296587 5643 1
296588 6156 1
296589 6669 1
296590 7182 1
296591 7695 1
296592 8208 1
296593 8721 1
296594 9234 1
296595 9747 1
296596 10260 1
296597 10773 1
296598 11286 1
296599 11799 1
296600 12312 1
296601 12825 1
296602 13338 1
296603 13851 1
296604 14364 1
296605 14877 1
296606 15390 1
296607 15903 1
296608 16416 1
296609 16929 1
296610 17442 1
296611 17955 1
296612 18468 1
296613 18981 1
296614 19494 1
296615 20007 1
296616 20520 1
296617 21033 1
296618 21546 1
296619 22059 1
296620 22572 1
296621 23085 1
296622 23598 1
296623 24111 1
296624 24624 1
296625 25137 1
296626 25650 1
296627 26163 1
296628 26676 1
296629 27189 1
296630 27702 1
296631 28215 1
296632 28728 1
296633 29241 1
296634 29754 1
296635 30267 1
296636 30780 1
296637 31293 1
296638 31806 1
296639 32319 1
296640 32832 1
296641 33345 1
296642 33858 1
296643 34371 1
296644 34884 1
296645 35397 1
296646 35910 1
296647 36423 1
296648 36936 1
296649 37449 1
296650 37962 1
296651 38475 1
296652 38988 1
296653 39501 1
296654 40014 1
296655 40527 1
296656 41040 1
296657 41553 1
296658 42066 1
296659 42579 1
296660 43092 1
296661 43605 1
296662 44118 1
296663 44631 1
296664 45144 1
296665 45657 1
296666 46170 1
296667 46683 1
296668 47196 1
296669 47709 1
296670 48222 1
296671 48735 1
296672 49248 1
296673 49761 1
296674 50274 1
296675 50787 1
296676 51300 1
296677 51813 1
296678 52326 1
296679 52839 1
296680 53352 1
296681 53865 1
296682 54378 1
296683 54891 1
296684 55404 1
296685 55917 1
296686 56430 1
296687 56943 1
296688 57456 1
296689 57969 1
296690 58482 1
296691 58995 1
296692 59508 1
296693 60021 1
296694 60534 1
296695 61047 1
296696 61560 1
296697 62073 1
296698 62586 1
296699 63099 1
296700 63612 1
296701 64125 1
296702 64638 1
296703 65151 1
296704 65664 1
296705 66177 1
296706 66690 1
296707 67203 1
296708 67716 1
296709 68229 1
296710 68742 1
296711 69255 1
296712 69768 1
296713 70281 1
296714 70794 1
296715 71307 1
296716 71820 1
296717 72333 1
296718 72846 1
296719 73359 1
296720 73872 1
296721 74385 1
296722 74898 1
296723 75411 1
296724 75924 1
296725 76437 1
296726 76950 1
296727 77463 1
296728 77976 1
296729 78489 1
296730 79002 1
296731 79515 1
296732 80028 1
296733 80541 1
296734 81054 1
296735 81567 1
296736 82080 1
296737 82593 1
296738 83106 1
296739 83619 1
296740 84132 1
296741 84645 1
296742 85158 1
296743 85671 1
296744 86184 1
296745 86697 1
296746 87210 1
296747 87723 1
296748 88236 1
296749 88749 1
296750 89262 1
296751 89775 1
296752 90288 1
296753 90801 1
296754 91314 1
296755 91827 1
296756 92340 1
296757 92853 1
296758 93366 1
296759 93879 1
296760 94392 1
296761 94905 1
296762 95418 1
296763 95931 1
296764 96444 1
296765 96957 1
296766 97470 1
296767 97983 1
296768 98496 1
296769 99009 1
296770 99522 1
296771 100035 1
296772 100548 1
296773 101061 1
296774 101574 1
296775 102087 1
296776 102600 1
296777 103113 1
296778 103626 1
296779 104139 1
296780 104652 1
296781 105165 1
296782 105678 1
296783 106191 1
296784 106704 1
296785 107217 1
296786 107730 1
296787 108243 1
296788 108756 1
296789 109269 1
296790 109782 1
296791 110295 1
296792 110808 1
296793 111321 1
296794 111834 1
296795 112347 1
296796 112860 1
296797 113373 1
296798 113886 1
296799 114399 1
296800 114912 1
296801 115425 1
296802 115938 1
296803 116451 1
296804 116964 1
296805 117477 1
296806 117990 1
296807 118503 1
296808 119016 1
296809 119529 1
296810 120042 1
296811 120555 1
296812 121068 1
296813 121581 1
296814 122094 1
296815 122607 1
296816 123120 1
296817 123633 1
296818 124146 1
296819 124659 1
296820 125172 1
296821 125685 1
296822 126198 1
296823 126711 1
296824 127224 1
296825 127737 1
296826 128250 1
296827 128763 1
296828 129276 1
296829 129789 1
296830 130302 1
296831 130815 1
296832 131328 1
296833 131841 1
296834 132354 1
296835 132867 1
296836 133380 1
296837 133893 1
296838 134406 1
296839 134919 1
296840 135432 1
296841 135945 1
296842 136458 1
296843 136971 1
296844 137484 1
296845 137997 1
296846 138510 1
296847 139023 1
296848 139536 1
296849 140049 1
296850 140562 1
296851 141075 1
296852 141588 1
296853 142101 1
296854 142614 1
296855 143127 1
296856 143640 1
296857 144153 1
296858 144666 1
296859 145179 1
296860 145692 1
296861 146205 1
296862 146718 1
296863 147231 1
296864 147744 1
296865 148257 1
296866 148770 1
296867 149283 1
296868 149796 1
296869 150309 1
296870 150822 1
296871 151335 1
296872 151848 1
296873 152361 1
296874 152874 1
296875 153387 1
296876 153900 1
296877 154413 1
296878 154926 1
296879 155439 1
296880 155952 1
296881 156465 1
296882 156978 1
296883 157491 1
296884 158004 1
296885 158517 1
296886 159030 1
296887 159543 1
296888 160056 1
296889 160569 1
296890 161082 1
296891 161595 1
296892 162108 1
296893 162621 1
296894 163134 1
296895 163647 1
296896 164160 1
296897 164673 1
296898 165186 1
296899 165699 1
296900 166212 1
296901 166725 1
296902 167238 1
296903 167751 1
296904 168264 1
296905 168777 1
296906 169290 1
296907 169803 1
296908 170316 1
296909 170829 1
296910 171342 1
296911 171855 1
296912 172368 1
296913 172881 1
296914 173394 1
296915 173907 1
296916 174420 1
296917 174933 1
296918 175446 1
296919 175959 1
296920 176472 1
296921 176985 1
296922 177498 1
296923 178011 1
296924 178524 1
296925 179037 1
296926 179550 1
296927 180063 1
296928 180576 1
296929 181089 1
296930 181602 1
296931 182115 1
296932 182628 1
296933 183141 1
296934 183654 1
296935 184167 1
296936 184680 1
296937 185193 1
296938 185706 1
296939 186219 1
296940 186732 1
296941 187245 1
296942 187758 1
296943 188271 1
296944 188784 1
296945 189297 1
296946 189810 1
296947 190323 1
296948 190836 1
296949 191349 1
296950 191862 1
296951 192375 1
296952 192888 1
296953 193401 1
296954 193914 1
296955 194427 1
296956 194940 1
296957 195453 1
296958 195966 1
296959 196479 1
296960 196992 1
296961 197505 1
296962 198018 1
296963 198531 1
296964 199044 1
296965 199557 1
296966 200070 1
296967 200583 1
296968 201096 1
296969 201609 1
296970 202122 1
296971 202635 1
296972 203148 1
296973 203661 1
296974 204174 1
296975 204687 1
296976 205200 1
296977 205713 1
296978 206226 1
296979 206739 1
296980 207252 1
296981 207765 1
296982 208278 1
296983 208791 1
296984 209304 1
296985 209817 1
296986 210330 1
296987 210843 1
296988 211356 1
296989 211869 1
296990 212382 1
296991 212895 1
296992 213408 1
296993 213921 1
296994 214434 1
296995 214947 1
296996 215460 1
296997 215973 1
296998 216486 1
296999 216999 1
297000 217512 1
297001 218025 1
297002 218538 1
297003 219051 1
297004 219564 1
297005 220077 1
297006 220590 1
297007 221103 1
297008 221616 1
297009 222129 1
297010 222642 1
297011 223155 1
297012 223668 1
297013 224181 1
297014 224694 1
297015 225207 1
297016 225720 1
297017 226233 1
297018 226746 1
297019 227259 1
297020 227772 1
297021 228285 1
297022 228798 1
297023 229311 1
297024 229824 1
297025 230337 1
297026 230850 1
297027 231363 1
297028 231876 1
297029 232389 1
297030 232902 1
297031 233415 1
297032 233928 1
297033 234441 1
297034 234954 1
297035 235467 1
297036 235980 1
297037 236493 1
297038 237006 1
297039 237519 1
297040 238032 1
297041 238545 1
297042 239058 1
297043 239571 1
297044 240084 1
297045 240597 1
297046 241110 1
297047 241623 1
297048 242136 1
297049 242649 1
297050 243162 1
297051 243675 1
297052 244188 1
297053 244701 1
297054 245214 1
297055 245727 1
297056 246240 1
297057 246753 1
297058 247266 1
297059 247779 1
297060 248292 1
297061 248805 1
297062 249318 1
297063 249831 1
297064 250344 1
297065 250857 1
297066 251370 1
297067 251883 1
297068 252396 1
297069 252909 1
297070 253422 1
297071 253935 1
297072 254448 1
297073 254961 1
297074 255474 1
297075 255987 1
297076 256500 1
297077 257013 1
297078 257526 1
297079 258039 1
297080 258552 1
297081 259065 1
297082 259578 1
297083 260091 1
297084 260604 1
297085 261117 1
297086 261630 1
297087 262143 1
297088 262656 1
297089 263169 1
297090 263682 1
297091 264195 1
297092 264708 1
297093 265221 1
297094 265734 1
297095 266247 1
297096 266760 1
297097 267273 1
297098 267786 1
297099 268299 1
297100 268812 1
297101 269325 1
297102 269838 1
297103 270351 1
297104 270864 1
297105 271377 1
297106 271890 1
297107 272403 1
297108 272916 1
297109 273429 1
297110 273942 1
297111 274455 1
297112 274968 1
297113 275481 1
297114 275994 1
297115 276507 1
297116 277020 1
297117 277533 1
297118 278046 1
297119 278559 1
297120 279072 1
297121 279585 1
297122 280098 1
297123 280611 1
297124 281124 1
297125 281637 1
297126 282150 1
297127 282663 1
297128 283176 1
297129 283689 1
297130 284202 1
297131 284715 1
297132 285228 1
297133 285741 1
297134 286254 1
297135 286767 1
297136 287280 1
297137 287793 1
297138 288306 1
297139 288819 1
297140 289332 1
297141 289845 1
297142 290358 1
297143 290871 1
297144 291384 1
297145 291897 1
297146 292410 1
297147 292923 1
297148 293436 1
297149 293949 1
297150 294462 1
297151 294975 1
