# 416 3
18576 1 1
18577 3 1
18578 5 1
18579 7 1
18580 9 1
18581 11 1
18582 13 1
18583 15 1
18584 17 1
18585 19 1
18586 21 1
18587 23 1
18588 25 1
18589 27 1
18590 29 1
18591 31 1
18592 33 1
18593 35 1
18594 37 1
18595 39 1
18596 41 1
18597 43 1
18598 45 1
18599 47 1
18600 49 1
18601 51 1
18602 53 1
18603 55 1
18604 57 1
18605 59 1
18606 61 1
18607 63 1
18608 65 1
18609 67 1
18610 69 1
18611 71 1
18612 73 1
18613 75 1
18614 77 1
18615 79 1
18616 81 1
18617 83 1
18618 85 1
18619 87 1
18620 89 1
18621 91 1
18622 93 1
18623 95 1
18624 97 1
18625 99 1
18626 101 1
18627 103 1
18628 105 1
18629 107 1
18630 109 1
18631 111 1
18632 113 1
18633 115 1
18634 117 1
18635 119 1
18636 121 1
18637 123 1
18638 125 1
18639 127 1
18640 18448 1
18641 18450 1
18642 18452 1
18643 18454 1
18644 18456 1
18645 18458 1
18646 18460 1
18647 18462 1
18648 18464 1
18649 18466 1
18650 18468 1
18651 18470 1
18652 18472 1
18653 18474 1
18654 18476 1
18655 18478 1
18656 18480 1
18657 18482 1
18658 18484 1
18659 18486 1
18660 18488 1
18661 18490 1
18662 18492 1
18663 18494 1
18664 18496 1
18665 18498 1
18666 18500 1
18667 18502 1
18668 18504 1
18669 18506 1
18670 18508 1
18671 18510 1
18672 18512 1
18673 18514 1
18674 18516 1
18675 18518 1
18676 18520 1
18677 18522 1
18678 18524 1
18679 18526 1
18680 18528 1
18681 18530 1
18682 18532 1
18683 18534 1
18684 18536 1
18685 18538 1
18686 18540 1
18687 18542 1
18688 18544 1
18689 18546 1
18690 18548 1
18691 18550 1
18692 18552 1
18693 18554 1
18694 18556 1
18695 18558 1
18696 18560 1
18697 18562 1
18698 18564 1
18699 18566 1
18700 18568 1
18701 18570 1
18702 18572 1
18703 18574 1
18704 128 1
18705 257 1
18706 386 1
18707 515 1
18708 644 1
18709 773 1
18710 902 1
18711 1031 1
18712 1160 1
18713 1289 1
18714 1418 1
18715 1547 1
18716 1676 1
18717 1805 1
18718 1934 1
18719 2063 1
18720 2192 1
18721 2321 1
18722 2450 1
18723 2579 1
18724 2708 1
18725 2837 1
18726 2966 1
18727 3095 1
18728 3224 1
18729 3353 1
18730 3482 1
18731 3611 1
18732 3740 1
18733 3869 1
18734 3998 1
18735 4127 1
18736 4256 1
18737 4385 1
18738 4514 1
18739 4643 1
18740 4772 1
18741 4901 1
18742 5030 1
18743 5159 1
18744 5288 1
18745 5417 1
18746 5546 1
18747 5675 1
18748 5804 1
18749 5933 1
18750 6062 1
18751 6191 1
18752 6320 1
18753 6449 1
18754 6578 1
18755 6707 1
18756 6836 1
18757 6965 1
18758 7094 1
18759 7223 1
18760 7352 1
18761 7481 1
18762 7610 1
18763 7739 1
18764 7868 1
18765 7997 1
18766 8126 1
18767 8255 1
18768 8384 1
18769 8513 1
18770 8642 1
18771 8771 1
18772 8900 1
18773 9029 1
18774 9158 1
18775 9287 1
18776 9416 1
18777 9545 1
18778 9674 1
18779 9803 1
18780 9932 1
18781 10061 1
18782 10190 1
18783 10319 1
18784 10448 1
18785 10577 1
18786 10706 1
18787 10835 1
18788 10964 1
18789 11093 1
18790 11222 1
18791 11351 1
18792 11480 1
18793 11609 1
18794 11738 1
18795 11867 1
18796 11996 1
18797 12125 1
18798 12254 1
18799 12383 1
18800 12512 1
18801 12641 1
18802 12770 1
18803 12899 1
18804 13028 1
18805 13157 1
18806 13286 1
18807 13415 1
18808 13544 1
18809 13673 1
18810 13802 1
18811 13931 1
18812 14060 1
18813 14189 1
18814 14318 1
18815 14447 1
18816 14576 1
18817 14705 1
18818 14834 1
18819 14963 1
18820 15092 1
18821 15221 1
18822 15350 1
18823 15479 1
18824 15608 1
18825 15737 1
18826 15866 1
18827 15995 1
18828 16124 1
18829 16253 1
18830 16382 1
18831 16511 1
18832 16640 1
18833 16769 1
18834 16898 1
18835 17027 1
18836 17156 1
18837 17285 1
18838 17414 1
18839 17543 1
18840 17672 1
18841 17801 1
18842 17930 1
18843 18059 1
18844 18188 1
18845 18317 1
18846 18446 1
18847 18575 1
18848 0 1
18849 129 1
18850 258 1
18851 387 1
18852 516 1
18853 645 1
18854 774 1
18855 903 1
18856 1032 1
18857 1161 1
18858 1290 1
18859 1419 1
18860 1548 1
18861 1677 1
18862 1806 1
18863 1935 1
18864 2064 1
18865 2193 1
18866 2322 1
18867 2451 1
18868 2580 1
18869 2709 1
18870 2838 1
18871 2967 1
18872 3096 1
18873 3225 1
18874 3354 1
18875 3483 1
18876 3612 1
18877 3741 1
18878 3870 1
18879 3999 1
18880 4128 1
18881 4257 1
18882 4386 1
18883 4515 1
18884 4644 1
18885 4773 1
18886 4902 1
18887 5031 1
18888 5160 1
18889 5289 1
18890 5418 1
18891 5547 1
18892 5676 1
18893 5805 1
18894 5934 1
18895 6063 1
18896 6192 1
18897 6321 1
18898 6450 1
18899 6579 1
18900 6708 1
18901 6837 1
18902 6966 1
18903 7095 1
18904 7224 1
18905 7353 1
18906 7482 1
18907 7611 1
18908 7740 1
18909 7869 1
18910 7998 1
18911 8127 1
18912 8256 1
18913 8385 1
18914 8514 1
18915 8643 1
18916 8772 1
18917 8901 1
18918 9030 1
18919 9159 1
18920 9288 1
18921 9417 1
18922 9546 1
18923 9675 1
18924 9804 1
18925 9933 1
18926 10062 1
18927 10191 1
18928 10320 1
18929 10449 1
18930 10578 1
18931 10707 1
18932 10836 1
18933 10965 1
18934 11094 1
18935 11223 1
18936 11352 1
18937 11481 1
18938 11610 1
18939 11739 1
18940 11868 1
18941 11997 1
18942 12126 1
18943 12255 1
18944 12384 1
18945 12513 1
18946 12642 1
18947 12771 1
18948 12900 1
18949 13029 1
18950 13158 1
18951 13287 1
18952 13416 1
18953 13545 1
18954 13674 1
18955 13803 1
18956 13932 1
18957 14061 1
18958 14190 1
18959 14319 1
18960 14448 1
18961 14577 1
18962 14706 1
18963 14835 1
18964 14964 1
18965 15093 1
18966 15222 1
18967 15351 1
18968 15480 1
18969 15609 1
18970 15738 1
18971 15867 1
18972 15996 1
18973 16125 1
18974 16254 1
18975 16383 1
18976 16512 1
18977 16641 1
18978 16770 1
18979 16899 1
18980 17028 1
18981 17157 1
18982 17286 1
18983 17415 1
18984 17544 1
18985 17673 1
18986 17802 1
18987 17931 1
18988 18060 1
18989 18189 1
18990 18318 1
18991 18447 1
