# 832 3
74016 1 1
74017 3 1
74018 5 1
74019 7 1
74020 9 1
74021 11 1
74022 13 1
74023 15 1
74024 17 1
74025 19 1
74026 21 1
74027 23 1
74028 25 1
74029 27 1
74030 29 1
74031 31 1
74032 33 1
74033 35 1
74034 37 1
74035 39 1
74036 41 1
74037 43 1
74038 45 1
74039 47 1
74040 49 1
74041 51 1
74042 53 1
74043 55 1
74044 57 1
74045 59 1
74046 61 1
74047 63 1
74048 65 1
74049 67 1
74050 69 1
74051 71 1
74052 73 1
74053 75 1
74054 77 1
74055 79 1
74056 81 1
74057 83 1
74058 85 1
74059 87 1
74060 89 1
74061 91 1
74062 93 1
74063 95 1
74064 97 1
74065 99 1
74066 101 1
74067 103 1
74068 105 1
74069 107 1
74070 109 1
74071 111 1
74072 113 1
74073 115 1
74074 117 1
74075 119 1
74076 121 1
74077 123 1
74078 125 1
74079 127 1
74080 129 1
74081 131 1
74082 133 1
74083 135 1
74084 137 1
74085 139 1
74086 141 1
74087 143 1
74088 145 1
74089 147 1
74090 149 1
74091 151 1
74092 153 1
74093 155 1
74094 157 1
74095 159 1
74096 161 1
74097 163 1
74098 165 1
74099 167 1
74100 169 1
74101 171 1
74102 173 1
74103 175 1
74104 177 1
74105 179 1
74106 181 1
74107 183 1
74108 185 1
74109 187 1
74110 189 1
74111 191 1
74112 193 1
74113 195 1
74114 197 1
74115 199 1
74116 201 1
74117 203 1
74118 205 1
74119 207 1
74120 209 1
74121 211 1
74122 213 1
74123 215 1
74124 217 1
74125 219 1
74126 221 1
74127 223 1
74128 225 1
74129 227 1
74130 229 1
74131 231 1
74132 233 1
74133 235 1
74134 237 1
74135 239 1
74136 241 1
74137 243 1
74138 245 1
74139 247 1
74140 249 1
74141 251 1
74142 253 1
74143 255 1
74144 73760 1
74145 73762 1
74146 73764 1
74147 73766 1
74148 73768 1
74149 73770 1
74150 73772 1
74151 73774 1
74152 73776 1
74153 73778 1
74154 73780 1
74155 73782 1
74156 73784 1
74157 73786 1
74158 73788 1
74159 73790 1
74160 73792 1
74161 73794 1
74162 73796 1
74163 73798 1
74164 73800 1
74165 73802 1
74166 73804 1
74167 73806 1
74168 73808 1
74169 73810 1
74170 73812 1
74171 73814 1
74172 73816 1
74173 73818 1
74174 73820 1
74175 73822 1
74176 73824 1
74177 73826 1
74178 73828 1
74179 73830 1
74180 73832 1
74181 73834 1
74182 73836 1
74183 73838 1
74184 73840 1
74185 73842 1
74186 73844 1
74187 73846 1
74188 73848 1
74189 73850 1
74190 73852 1
74191 73854 1
74192 73856 1
74193 73858 1
74194 73860 1
74195 73862 1
74196 73864 1
74197 73866 1
74198 73868 1
74199 73870 1
74200 73872 1
74201 73874 1
74202 73876 1
74203 73878 1
74204 73880 1
74205 73882 1
74206 73884 1
74207 73886 1
74208 73888 1
74209 73890 1
74210 73892 1
74211 73894 1
74212 73896 1
74213 73898 1
74214 73900 1
74215 73902 1
74216 73904 1
74217 73906 1
74218 73908 1
74219 73910 1
74220 73912 1
74221 73914 1
74222 73916 1
74223 73918 1
74224 73920 1
74225 73922 1
74226 73924 1
74227 73926 1
74228 73928 1
74229 73930 1
74230 73932 1
74231 73934 1
74232 73936 1
74233 73938 1
74234 73940 1
74235 73942 1
74236 73944 1
74237 73946 1
74238 73948 1
74239 73950 1
74240 73952 1
74241 73954 1
74242 73956 1
74243 73958 1
74244 73960 1
74245 73962 1
74246 73964 1
74247 73966 1
74248 73968 1
74249 73970 1
74250 73972 1
74251 73974 1
74252 73976 1
74253 73978 1
74254 73980 1
74255 73982 1
74256 73984 1
74257 73986 1
74258 73988 1
74259 73990 1
74260 73992 1
74261 73994 1
74262 73996 1
74263 73998 1
74264 74000 1
74265 74002 1
74266 74004 1
74267 74006 1
74268 74008 1
74269 74010 1
74270 74012 1
74271 74014 1
74272 256 1
74273 513 1
74274 770 1
74275 1027 1
74276 1284 1
74277 1541 1
74278 1798 1
74279 2055 1
74280 2312 1
74281 2569 1
74282 2826 1
74283 3083 1
74284 3340 1
74285 3597 1
74286 3854 1
74287 4111 1
74288 4368 1
74289 4625 1
74290 4882 1
74291 5139 1
74292 5396 1
74293 5653 1
74294 5910 1
74295 6167 1
74296 6424 1
74297 6681 1
74298 6938 1
74299 7195 1
74300 7452 1
74301 7709 1
74302 7966 1
74303 8223 1
74304 8480 1
74305 8737 1
74306 8994 1
74307 9251 1
74308 9508 1
74309 9765 1
74310 10022 1
74311 10279 1
74312 10536 1
74313 10793 1
74314 11050 1
74315 11307 1
74316 11564 1
74317 11821 1
74318 12078 1
74319 12335 1
74320 12592 1
74321 12849 1
74322 13106 1
74323 13363 1
74324 13620 1
74325 13877 1
74326 14134 1
74327 14391 1
74328 14648 1
74329 14905 1
74330 15162 1
74331 15419 1
74332 15676 1
74333 15933 1
74334 16190 1
74335 16447 1
74336 16704 1
74337 16961 1
74338 17218 1
74339 17475 1
74340 17732 1
74341 17989 1
74342 18246 1
74343 18503 1
74344 18760 1
74345 19017 1
74346 19274 1
74347 19531 1
74348 19788 1
74349 20045 1
74350 20302 1
74351 20559 1
74352 20816 1
74353 21073 1
74354 21330 1
74355 21587 1
74356 21844 1
74357 22101 1
74358 22358 1
74359 22615 1
74360 22872 1
74361 23129 1
74362 23386 1
74363 23643 1
74364 23900 1
74365 24157 1
74366 24414 1
74367 24671 1
74368 24928 1
74369 25185 1
74370 25442 1
74371 25699 1
74372 25956 1
74373 26213 1
74374 26470 1
74375 26727 1
74376 26984 1
74377 27241 1
74378 27498 1
74379 27755 1
74380 28012 1
74381 28269 1
74382 28526 1
74383 28783 1
74384 29040 1
74385 29297 1
74386 29554 1
74387 29811 1
74388 30068 1
74389 30325 1
74390 30582 1
74391 30839 1
74392 31096 1
74393 31353 1
74394 31610 1
74395 31867 1
74396 32124 1
74397 32381 1
74398 32638 1
74399 32895 1
74400 33152 1
74401 33409 1
74402 33666 1
74403 33923 1
74404 34180 1
74405 34437 1
74406 34694 1
74407 34951 1
74408 35208 1
74409 35465 1
74410 35722 1
74411 35979 1
74412 36236 1
74413 36493 1
74414 36750 1
74415 37007 1
74416 37264 1
74417 37521 1
74418 37778 1
74419 38035 1
74420 38292 1
74421 38549 1
74422 38806 1
74423 39063 1
74424 39320 1
74425 39577 1
74426 39834 1
74427 40091 1
74428 40348 1
74429 40605 1
74430 40862 1
74431 41119 1
74432 41376 1
74433 41633 1
74434 41890 1
74435 42147 1
74436 42404 1
74437 42661 1
74438 42918 1
74439 43175 1
74440 43432 1
74441 43689 1
74442 43946 1
74443 44203 1
74444 44460 1
74445 44717 1
74446 44974 1
74447 45231 1
74448 45488 1
74449 45745 1
74450 46002 1
74451 46259 1
74452 46516 1
74453 46773 1
74454 47030 1
74455 47287 1
74456 47544 1
74457 47801 1
74458 48058 1
74459 48315 1
74460 48572 1
74461 48829 1
74462 49086 1
74463 49343 1
74464 49600 1
74465 49857 1
74466 50114 1
74467 50371 1
74468 50628 1
74469 50885 1
74470 51142 1
74471 51399 1
74472 51656 1
74473 51913 1
74474 52170 1
74475 52427 1
74476 52684 1
74477 52941 1
74478 53198 1
74479 53455 1
74480 53712 1
74481 53969 1
74482 54226 1
74483 54483 1
74484 54740 1
74485 54997 1
74486 55254 1
74487 55511 1
74488 55768 1
74489 56025 1
74490 56282 1
74491 56539 1
74492 56796 1
74493 57053 1
74494 57310 1
74495 57567 1
74496 57824 1
74497 58081 1
74498 58338 1
74499 58595 1
74500 58852 1
74501 59109 1
74502 59366 1
74503 59623 1
74504 59880 1
74505 60137 1
74506 60394 1
74507 60651 1
74508 60908 1
74509 61165 1
74510 61422 1
74511 61679 1
74512 61936 1
74513 62193 1
74514 62450 1
74515 62707 1
74516 62964 1
74517 63221 1
74518 63478 1
74519 63735 1
74520 63992 1
74521 64249 1
74522 64506 1
74523 64763 1
74524 65020 1
74525 65277 1
74526 65534 1
74527 65791 1
74528 66048 1
74529 66305 1
74530 66562 1
74531 66819 1
74532 67076 1
74533 67333 1
74534 67590 1
74535 67847 1
74536 68104 1
74537 68361 1
74538 68618 1
74539 68875 1
74540 69132 1
74541 69389 1
74542 69646 1
74543 69903 1
74544 70160 1
74545 70417 1
74546 70674 1
74547 70931 1
74548 71188 1
74549 71445 1
74550 71702 1
74551 71959 1
74552 72216 1
74553 72473 1
74554 72730 1
74555 72987 1
74556 73244 1
74557 73501 1
74558 73758 1
74559 74015 1
74560 0 1
74561 257 1
74562 514 1
74563 771 1
74564 1028 1
74565 1285 1
74566 1542 1
74567 1799 1
74568 2056 1
74569 2313 1
74570 2570 1
74571 2827 1
74572 3084 1
74573 3341 1
74574 3598 1
74575 3855 1
74576 4112 1
74577 4369 1
74578 4626 1
74579 4883 1
74580 5140 1
74581 5397 1
74582 5654 1
74583 5911 1
74584 6168 1
74585 6425 1
74586 6682 1
74587 6939 1
74588 7196 1
74589 7453 1
74590 7710 1
74591 7967 1
74592 8224 1
74593 8481 1
74594 8738 1
74595 8995 1
74596 9252 1
74597 9509 1
74598 9766 1
74599 10023 1
74600 10280 1
74601 10537 1
74602 10794 1
74603 11051 1
74604 11308 1
74605 11565 1
74606 11822 1
74607 12079 1
74608 12336 1
74609 12593 1
74610 12850 1
74611 13107 1
74612 13364 1
74613 13621 1
74614 13878 1
74615 14135 1
74616 14392 1
74617 14649 1
74618 14906 1
74619 15163 1
74620 15420 1
74621 15677 1
74622 15934 1
74623 16191 1
74624 16448 1
74625 16705 1
74626 16962 1
74627 17219 1
74628 17476 1
74629 17733 1
74630 17990 1
74631 18247 1
74632 18504 1
74633 18761 1
74634 19018 1
74635 19275 1
74636 19532 1
74637 19789 1
74638 20046 1
74639 20303 1
74640 20560 1
74641 20817 1
74642 21074 1
74643 21331 1
74644 21588 1
74645 21845 1
74646 22102 1
74647 22359 1
74648 22616 1
74649 22873 1
74650 23130 1
74651 23387 1
74652 23644 1
74653 23901 1
74654 24158 1
74655 24415 1
74656 24672 1
74657 24929 1
74658 25186 1
74659 25443 1
74660 25700 1
74661 25957 1
74662 26214 1
74663 26471 1
74664 26728 1
74665 26985 1
74666 27242 1
74667 27499 1
74668 27756 1
74669 28013 1
74670 28270 1
74671 28527 1
74672 28784 1
74673 29041 1
74674 29298 1
74675 29555 1
74676 29812 1
74677 30069 1
74678 30326 1
74679 30583 1
74680 30840 1
74681 31097 1
74682 31354 1
74683 31611 1
74684 31868 1
74685 32125 1
74686 32382 1
74687 32639 1
74688 32896 1
74689 33153 1
74690 33410 1
74691 33667 1
74692 33924 1
74693 34181 1
74694 34438 1
74695 34695 1
74696 34952 1
74697 35209 1
74698 35466 1
74699 35723 1
74700 35980 1
74701 36237 1
74702 36494 1
74703 36751 1
74704 37008 1
74705 37265 1
74706 37522 1
74707 37779 1
74708 38036 1
74709 38293 1
74710 38550 1
74711 38807 1
74712 39064 1
74713 39321 1
74714 39578 1
74715 39835 1
74716 40092 1
74717 40349 1
74718 40606 1
74719 40863 1
74720 41120 1
74721 41377 1
74722 41634 1
74723 41891 1
74724 42148 1
74725 42405 1
74726 42662 1
74727 42919 1
74728 43176 1
74729 43433 1
74730 43690 1
74731 43947 1
74732 44204 1
74733 44461 1
74734 44718 1
74735 44975 1
74736 45232 1
74737 45489 1
74738 45746 1
74739 46003 1
74740 46260 1
74741 46517 1
74742 46774 1
74743 47031 1
74744 47288 1
74745 47545 1
74746 47802 1
74747 48059 1
74748 48316 1
74749 48573 1
74750 48830 1
74751 49087 1
74752 49344 1
74753 49601 1
74754 49858 1
74755 50115 1
74756 50372 1
74757 50629 1
74758 50886 1
74759 51143 1
74760 51400 1
74761 51657 1
74762 51914 1
74763 52171 1
74764 52428 1
74765 52685 1
74766 52942 1
74767 53199 1
74768 53456 1
74769 53713 1
74770 53970 1
74771 54227 1
74772 54484 1
74773 54741 1
74774 54998 1
74775 55255 1
74776 55512 1
74777 55769 1
74778 56026 1
74779 56283 1
74780 56540 1
74781 56797 1
74782 57054 1
74783 57311 1
74784 57568 1
74785 57825 1
74786 58082 1
74787 58339 1
74788 58596 1
74789 58853 1
74790 59110 1
74791 59367 1
74792 59624 1
74793 59881 1
74794 60138 1
74795 60395 1
74796 60652 1
74797 60909 1
74798 61166 1
74799 61423 1
74800 61680 1
74801 61937 1
74802 62194 1
74803 62451 1
74804 62708 1
74805 62965 1
74806 63222 1
74807 63479 1
74808 63736 1
74809 63993 1
74810 64250 1
74811 64507 1
74812 64764 1
74813 65021 1
74814 65278 1
74815 65535 1
74816 65792 1
74817 66049 1
74818 66306 1
74819 66563 1
74820 66820 1
74821 67077 1
74822 67334 1
74823 67591 1
74824 67848 1
74825 68105 1
74826 68362 1
74827 68619 1
74828 68876 1
74829 69133 1
74830 69390 1
74831 69647 1
74832 69904 1
74833 70161 1
74834 70418 1
74835 70675 1
74836 70932 1
74837 71189 1
74838 71446 1
74839 71703 1
74840 71960 1
74841 72217 1
74842 72474 1
74843 72731 1
74844 72988 1
74845 73245 1
74846 73502 1
74847 73759 1
