# 428 3
22914 1 -1
22915 3 -1
22916 5 -1
22917 7 -1
22918 9 -1
22919 11 -1
22920 13 -1
22921 15 -1
22922 17 -1
22923 19 -1
22924 21 -1
22925 23 -1
22926 25 -1
22927 27 -1
22928 29 -1
22929 31 -1
22930 33 -1
22931 35 -1
22932 37 -1
22933 39 -1
22934 41 -1
22935 43 -1
22936 45 -1
22937 47 -1
22938 49 -1
22939 51 -1
22940 53 -1
22941 55 -1
22942 57 -1
22943 59 -1
22944 61 -1
22945 63 -1
22946 65 -1
22947 67 -1
22948 69 -1
22949 71 -1
22950 73 -1
22951 75 -1
22952 77 -1
22953 79 -1
22954 81 -1
22955 83 -1
22956 85 -1
22957 87 -1
22958 89 -1
22959 91 -1
22960 93 -1
22961 95 -1
22962 97 -1
22963 99 -1
22964 101 -1
22965 103 -1
22966 105 -1
22967 107 -1
22968 109 -1
22969 111 -1
22970 113 -1
22971 115 -1
22972 117 -1
22973 119 -1
22974 121 -1
22975 123 -1
22976 125 -1
22977 127 -1
22978 129 -1
22979 131 -1
22980 133 -1
22981 135 -1
22982 137 -1
22983 139 -1
22984 141 -1
22985 143 -1
22986 145 -1
22987 147 -1
22988 149 -1
22989 151 -1
22990 153 -1
22991 155 -1
22992 157 -1
22993 159 -1
22994 161 -1
22995 163 -1
22996 165 -1
22997 167 -1
22998 169 -1
22999 171 -1
23000 173 -1
23001 175 -1
23002 177 -1
23003 179 -1
23004 181 -1
23005 183 -1
23006 185 -1
23007 187 -1
23008 189 -1
23009 191 -1
23010 193 -1
23011 195 -1
23012 197 -1
23013 199 -1
23014 22714 -1
23015 22716 -1
23016 22718 -1
23017 22720 -1
23018 22722 -1
23019 22724 -1
23020 22726 -1
23021 22728 -1
23022 22730 -1
23023 22732 -1
23024 22734 -1
23025 22736 -1
23026 22738 -1
23027 22740 -1
23028 22742 -1
23029 22744 -1
23030 22746 -1
23031 22748 -1
23032 22750 -1
23033 22752 -1
23034 22754 -1
23035 22756 -1
23036 22758 -1
23037 22760 -1
23038 22762 -1
23039 22764 -1
23040 22766 -1
23041 22768 -1
23042 22770 -1
23043 22772 -1
23044 22774 -1
23045 22776 -1
23046 22778 -1
23047 22780 -1
23048 22782 -1
23049 22784 -1
23050 22786 -1
23051 22788 -1
23052 22790 -1
23053 22792 -1
23054 22794 -1
23055 22796 -1
23056 22798 -1
23057 22800 -1
23058 22802 -1
23059 22804 -1
23060 22806 -1
23061 22808 -1
23062 22810 -1
23063 22812 -1
23064 22814 -1
23065 22816 -1
23066 22818 -1
23067 22820 -1
23068 22822 -1
23069 22824 -1
23070 22826 -1
23071 22828 -1
23072 22830 -1
23073 22832 -1
23074 22834 -1
23075 22836 -1
23076 22838 -1
23077 22840 -1
23078 22842 -1
23079 22844 -1
23080 22846 -1
23081 22848 -1
23082 22850 -1
23083 22852 -1
23084 22854 -1
23085 22856 -1
23086 22858 -1
23087 22860 -1
23088 22862 -1
23089 22864 -1
23090 22866 -1
23091 22868 -1
23092 22870 -1
23093 22872 -1
23094 22874 -1
23095 22876 -1
23096 22878 -1
23097 22880 -1
23098 22882 -1
23099 22884 -1
23100 22886 -1
23101 22888 -1
23102 22890 -1
23103 22892 -1
23104 22894 -1
23105 22896 -1
23106 22898 -1
23107 22900 -1
23108 22902 -1
23109 22904 -1
23110 22906 -1
23111 22908 -1
23112 22910 -1
23113 22912 -1
23114 200 -1
23115 401 -1
23116 602 -1
23117 803 -1
23118 1004 -1
23119 1205 -1
23120 1406 -1
23121 1607 -1
23122 1808 -1
23123 2009 -1
23124 2210 -1
23125 2411 -1
23126 2612 -1
23127 2813 -1
23128 3014 -1
23129 3215 -1
23130 3416 -1
23131 3617 -1
23132 3818 -1
23133 4019 -1
23134 4220 -1
23135 4421 -1
23136 4622 -1
23137 4823 -1
23138 5024 -1
23139 5225 -1
23140 5426 -1
23141 5627 -1
23142 5828 -1
23143 6029 -1
23144 6230 -1
23145 6431 -1
23146 6632 -1
23147 6833 -1
23148 7034 -1
23149 7235 -1
23150 7436 -1
23151 7637 -1
23152 7838 -1
23153 8039 -1
23154 8240 -1
23155 8441 -1
23156 8642 -1
23157 8843 -1
23158 9044 -1
23159 9245 -1
23160 9446 -1
23161 9647 -1
23162 9848 -1
23163 10049 -1
23164 10250 -1
23165 10451 -1
23166 10652 -1
23167 10853 -1
23168 11054 -1
23169 11255 -1
23170 11456 -1
23171 11657 -1
23172 11858 -1
23173 12059 -1
23174 12260 -1
23175 12461 -1
23176 12662 -1
23177 12863 -1
23178 13064 -1
23179 13265 -1
23180 13466 -1
23181 13667 -1
23182 13868 -1
23183 14069 -1
23184 14270 -1
23185 14471 -1
23186 14672 -1
23187 14873 -1
23188 15074 -1
23189 15275 -1
23190 15476 -1
23191 15677 -1
23192 15878 -1
23193 16079 -1
23194 16280 -1
23195 16481 -1
23196 16682 -1
23197 16883 -1
23198 17084 -1
23199 17285 -1
23200 17486 -1
23201 17687 -1
23202 17888 -1
23203 18089 -1
23204 18290 -1
23205 18491 -1
23206 18692 -1
23207 18893 -1
23208 19094 -1
23209 19295 -1
23210 19496 -1
23211 19697 -1
23212 19898 -1
23213 20099 -1
23214 20300 -1
23215 20501 -1
23216 20702 -1
23217 20903 -1
23218 21104 -1
23219 21305 -1
23220 21506 -1
23221 21707 -1
23222 21908 -1
23223 22109 -1
23224 22310 -1
23225 22511 -1
23226 22712 -1
23227 22913 -1
23228 0 -1
23229 201 -1
23230 402 -1
23231 603 -1
23232 804 -1
23233 1005 -1
23234 1206 -1
23235 1407 -1
23236 1608 -1
23237 1809 -1
23238 2010 -1
23239 2211 -1
23240 2412 -1
23241 2613 -1
23242 2814 -1
23243 3015 -1
23244 3216 -1
23245 3417 -1
23246 3618 -1
23247 3819 -1
23248 4020 -1
23249 4221 -1
23250 4422 -1
23251 4623 -1
23252 4824 -1
23253 5025 -1
23254 5226 -1
23255 5427 -1
23256 5628 -1
23257 5829 -1
23258 6030 -1
23259 6231 -1
23260 6432 -1
23261 6633 -1
23262 6834 -1
23263 7035 -1
23264 7236 -1
23265 7437 -1
23266 7638 -1
23267 7839 -1
23268 8040 -1
23269 8241 -1
23270 8442 -1
23271 8643 -1
23272 8844 -1
23273 9045 -1
23274 9246 -1
23275 9447 -1
23276 9648 -1
23277 9849 -1
23278 10050 -1
23279 10251 -1
23280 10452 -1
23281 10653 -1
23282 10854 -1
23283 11055 -1
23284 11256 -1
23285 11457 -1
23286 11658 -1
23287 11859 -1
23288 12060 -1
23289 12261 -1
23290 12462 -1
23291 12663 -1
23292 12864 -1
23293 13065 -1
23294 13266 -1
23295 13467 -1
23296 13668 -1
23297 13869 -1
23298 14070 -1
23299 14271 -1
23300 14472 -1
23301 14673 -1
23302 14874 -1
23303 15075 -1
23304 15276 -1
23305 15477 -1
23306 15678 -1
23307 15879 -1
23308 16080 -1
23309 16281 -1
23310 16482 -1
23311 16683 -1
23312 16884 -1
23313 17085 -1
23314 17286 -1
23315 17487 -1
23316 17688 -1
23317 17889 -1
23318 18090 -1
23319 18291 -1
23320 18492 -1
23321 18693 -1
23322 18894 -1
23323 19095 -1
23324 19296 -1
23325 19497 -1
23326 19698 -1
23327 19899 -1
23328 20100 -1
23329 20301 -1
23330 20502 -1
23331 20703 -1
23332 20904 -1
23333 21105 -1
23334 21306 -1
23335 21507 -1
23336 21708 -1
23337 21909 -1
23338 22110 -1
23339 22311 -1
23340 22512 -1
23341 22713 -1
