# 2653 1
2.58777750E-17
1.17572642E-16
4.84477986E-16
1.81063224E-15
6.13726507E-15
1.88672212E-14
5.26052915E-14
1.33026864E-13
3.05096834E-13
6.34635672E-13
1.19729092E-12
2.04862904E-12
3.17918201E-12
4.47461722E-12
5.71195551E-12
6.61305556E-12
6.94397193E-12
6.61305556E-12
5.71195551E-12
4.47461722E-12
3.17918201E-12
2.04862904E-12
1.19729092E-12
6.34635672E-13
3.05096834E-13
1.33026864E-13
5.26052915E-14
1.88672212E-14
6.13726507E-15
1.81063224E-15
4.84477986E-16
1.17572642E-16
2.58777750E-17
1.01797268E-16
2.19647994E-16
9.50387683E-16
3.72960455E-15
1.32743481E-14
4.28501206E-14
1.25452501E-13
3.33115644E-13
8.02230489E-13
1.75223248E-12
3.47114472E-12
6.23651748E-12
1.01624868E-11
1.50191819E-11
2.01317250E-11
2.44739535E-11
2.69845824E-11
2.69845824E-11
2.44739535E-11
2.01317250E-11
1.50191819E-11
1.01624868E-11
6.23651748E-12
3.47114472E-12
1.75223248E-12
8.02230489E-13
3.33115644E-13
1.25452501E-13
4.28501206E-14
1.32743481E-14
3.72960455E-15
9.50387683E-16
2.19647994E-16
1.01797268E-16
3.85292119E-16
1.75052964E-15
7.21335392E-15
2.69583584E-14
9.13772480E-14
2.80912545E-13
7.83235972E-13
1.98062631E-12
4.54256232E-12
9.44903968E-12
1.78263685E-11
3.05018737E-11
4.73345863E-11
6.66222173E-11
8.50448480E-11
9.84612545E-11
1.03388242E-10
9.84612545E-11
8.50448480E-11
6.66222173E-11
4.73345863E-11
3.05018737E-11
1.78263685E-11
9.44903968E-12
4.54256232E-12
1.98062631E-12
7.83235972E-13
2.80912545E-13
9.13772480E-14
2.69583584E-14
7.21335392E-15
1.75052964E-15
3.85292119E-16
1.40310095E-15
3.02747132E-15
1.30994661E-14
5.14062095E-14
1.82964148E-13
5.90615506E-13
1.72914781E-12
4.59142849E-12
1.10573730E-11
2.41515231E-11
4.78437836E-11
8.59597097E-11
1.40072472E-10
2.07013694E-10
2.77481342E-10
3.37331523E-10
3.71936241E-10
3.71936241E-10
3.37331523E-10
2.77481342E-10
2.07013694E-10
1.40072472E-10
8.59597097E-11
4.78437836E-11
2.41515231E-11
1.10573730E-11
4.59142849E-12
1.72914781E-12
5.90615506E-13
1.82964148E-13
5.14062095E-14
1.30994661E-14
3.02747132E-15
1.40310095E-15
4.91623400E-15
2.23363337E-14
9.20406465E-14
3.43982115E-13
1.16595152E-12
3.58437595E-12
9.99390104E-12
2.52723114E-11
5.79619935E-11
1.20567455E-10
2.27460139E-10
3.89196511E-10
6.03977841E-10
8.50083335E-10
1.08515163E-09
1.25634173E-09
1.31920889E-09
1.25634173E-09
1.08515163E-09
8.50083335E-10
6.03977841E-10
3.89196511E-10
2.27460139E-10
1.20567455E-10
5.79619935E-11
2.52723114E-11
9.99390104E-12
3.58437595E-12
1.16595152E-12
3.43982115E-13
9.20406465E-14
2.23363337E-14
4.91623400E-15
1.65737576E-14
3.57612014E-14
1.54733966E-13
6.07222206E-13
2.16121544E-12
6.97648890E-12
2.04250996E-11
5.42350304E-11
1.30612284E-10
2.85283456E-10
5.65141994E-10
1.01537625E-09
1.65456889E-09
2.44529431E-09
3.27767470E-09
3.98463908E-09
4.39339812E-09
4.39339812E-09
3.98463908E-09
3.27767470E-09
2.44529431E-09
1.65456889E-09
1.01537625E-09
5.65141994E-10
2.85283456E-10
1.30612284E-10
5.42350304E-11
2.04250996E-11
6.97648890E-12
2.16121544E-12
6.07222206E-13
1.54733966E-13
3.57612014E-14
1.65737576E-14
5.37593775E-14
2.44249439E-13
1.00647119E-12
3.76146953E-12
1.27497650E-11
3.91954125E-11
1.09284037E-10
2.76354569E-10
6.33818628E-10
1.31841391E-09
2.48729322E-09
4.25589225E-09
6.60454177E-09
9.29572330E-09
1.18662123E-08
1.37381885E-08
1.44256455E-08
1.37381885E-08
1.18662123E-08
9.29572330E-09
6.60454177E-09
4.25589225E-09
2.48729322E-09
1.31841391E-09
6.33818628E-10
2.76354569E-10
1.09284037E-10
3.91954125E-11
1.27497650E-11
3.76146953E-12
1.00647119E-12
2.44249439E-13
5.37593775E-14
1.67776942E-13
3.62012354E-13
1.56637935E-12
6.14693946E-12
2.18780874E-11
7.06233311E-11
2.06764261E-10
5.49023809E-10
1.32219440E-09
2.88793808E-09
5.72095947E-09
1.02787024E-08
1.67492801E-08
2.47538314E-08
3.31800579E-08
4.03366922E-08
4.44745796E-08
4.44745796E-08
4.03366922E-08
3.31800579E-08
2.47538314E-08
1.67492801E-08
1.02787024E-08
5.72095947E-09
2.88793808E-09
1.32219440E-09
5.49023809E-10
2.06764261E-10
7.06233311E-11
2.18780874E-11
6.14693946E-12
1.56637935E-12
3.62012354E-13
1.67776942E-13
5.03796499E-13
2.28894042E-12
9.43196674E-12
3.52499465E-11
1.19482168E-10
3.67312877E-10
1.02413603E-09
2.58980798E-09
5.93971919E-09
1.23552828E-08
2.33092286E-08
3.98833416E-08
6.18932952E-08
8.71132270E-08
1.11202110E-07
1.28745004E-07
1.35187386E-07
1.28745004E-07
1.11202110E-07
8.71132270E-08
6.18932952E-08
3.98833416E-08
2.33092286E-08
1.23552828E-08
5.93971919E-09
2.58980798E-09
1.02413603E-09
3.67312877E-10
1.19482168E-10
3.52499465E-11
9.43196674E-12
2.28894042E-12
5.03796499E-13
1.45553559E-12
3.14060955E-12
1.35890002E-11
5.33272871E-11
1.89801617E-10
6.12687124E-10
1.79376700E-09
4.76301264E-09
1.14705929E-08
2.50540784E-08
4.96317314E-08
8.91720701E-08
1.45307055E-07
2.14749906E-07
2.87850968E-07
3.49937783E-07
3.85835698E-07
3.85835698E-07
3.49937783E-07
2.87850968E-07
2.14749906E-07
1.45307055E-07
8.91720701E-08
4.96317314E-08
2.50540784E-08
1.14705929E-08
4.76301264E-09
1.79376700E-09
6.12687124E-10
1.89801617E-10
5.33272871E-11
1.35890002E-11
3.14060955E-12
1.45553559E-12
4.04608799E-12
1.83829272E-11
7.57499653E-11
2.83099199E-10
9.59584604E-10
2.94996139E-09
8.22503628E-09
2.07992532E-08
4.77030438E-08
9.92276874E-08
1.87200963E-07
3.20310899E-07
4.97077131E-07
6.99623325E-07
8.93085845E-07
1.03397625E-06
1.08571627E-06
1.03397625E-06
8.93085845E-07
6.99623325E-07
4.97077131E-07
3.20310899E-07
1.87200963E-07
9.92276874E-08
4.77030438E-08
2.07992532E-08
8.22503628E-09
2.94996139E-09
9.59584604E-10
2.83099199E-10
7.57499653E-11
1.83829272E-11
4.04608799E-12
1.08216287E-11
2.33498313E-11
1.01031617E-10
3.96478180E-10
1.41113872E-09
4.55521158E-09
1.33363145E-08
3.54120880E-08
8.52816647E-08
1.86272281E-07
3.69002430E-07
6.62977286E-07
1.08033016E-06
1.59662448E-06
2.14011689E-06
2.60172048E-06
2.86861462E-06
2.86861462E-06
2.60172048E-06
2.14011689E-06
1.59662448E-06
1.08033016E-06
6.62977286E-07
3.69002430E-07
1.86272281E-07
8.52816647E-08
3.54120880E-08
1.33363145E-08
4.55521158E-09
1.41113872E-09
3.96478180E-10
1.01031617E-10
2.33498313E-11
1.08216287E-11
2.78480463E-11
1.26524338E-10
5.21364969E-10
1.94848941E-09
6.60454160E-09
2.03037259E-08
5.66105314E-08
1.43155208E-07
3.28326170E-07
6.82955299E-07
1.28844975E-06
2.20460671E-06
3.42123725E-06
4.81530376E-06
6.14685000E-06
7.11655763E-06
7.47266918E-06
7.11655763E-06
6.14685000E-06
4.81530376E-06
3.42123725E-06
2.20460671E-06
1.28844975E-06
6.82955299E-07
3.28326170E-07
1.43155208E-07
5.66105314E-08
2.03037259E-08
6.60454160E-09
1.94848941E-09
5.21364969E-10
1.26524338E-10
2.78480463E-11
6.89511735E-11
1.48775966E-10
6.43733836E-10
2.52620345E-09
8.99122240E-09
2.90240214E-08
8.49737651E-08
2.25631934E-07
5.43381316E-07
1.18685391E-06
2.35113875E-06
4.22423122E-06
6.88344005E-06
1.01730649E-05
1.36359854E-05
1.65771424E-05
1.82776871E-05
1.82776871E-05
1.65771424E-05
1.36359854E-05
1.01730649E-05
6.88344005E-06
4.22423122E-06
2.35113875E-06
1.18685391E-06
5.43381316E-07
2.25631934E-07
8.49737651E-08
2.90240214E-08
8.99122240E-09
2.52620345E-09
6.43733836E-10
1.48775966E-10
6.89511735E-11
1.64260599E-10
7.46298803E-10
3.07525064E-09
1.14930877E-08
3.89566273E-08
1.19760724E-07
3.33914979E-07
8.44395327E-07
1.93661892E-06
4.02838480E-06
7.59986989E-06
1.30037854E-05
2.01800325E-05
2.84028787E-05
3.62569515E-05
4.19767336E-05
4.40772434E-05
4.19767336E-05
3.62569515E-05
2.84028787E-05
2.01800325E-05
1.30037854E-05
7.59986989E-06
4.02838480E-06
1.93661892E-06
8.44395327E-07
3.33914979E-07
1.19760724E-07
3.89566273E-08
1.14930877E-08
3.07525064E-09
7.46298803E-10
1.64260599E-10
3.76504312E-10
8.12383459E-10
3.51507528E-09
1.37942031E-08
4.90961043E-08
1.58484166E-07
4.63994844E-07
1.23205149E-06
2.96710554E-06
6.48075432E-06
1.28382714E-05
2.30661958E-05
3.75866679E-05
5.55494942E-05
7.44585922E-05
9.05186278E-05
9.98043642E-05
9.98043642E-05
9.05186278E-05
7.44585922E-05
5.55494942E-05
3.75866679E-05
2.30661958E-05
1.28382714E-05
6.48075432E-06
2.96710554E-06
1.23205149E-06
4.63994844E-07
1.58484166E-07
4.90961043E-08
1.37942031E-08
3.51507528E-09
8.12383459E-10
3.76504312E-10
8.30331103E-10
3.77251217E-09
1.55452754E-08
5.80971225E-08
1.96924274E-07
6.05385918E-07
1.68792756E-06
4.26838637E-06
9.78953524E-06
2.03633325E-05
3.84170543E-05
6.57336425E-05
1.02009300E-04
1.43575475E-04
1.83277516E-04
2.12190797E-04
2.22808795E-04
2.12190797E-04
1.83277516E-04
1.43575475E-04
1.02009300E-04
6.57336425E-05
3.84170543E-05
2.03633325E-05
9.78953524E-06
4.26838637E-06
1.68792756E-06
6.05385918E-07
1.96924274E-07
5.80971225E-08
1.55452754E-08
3.77251217E-09
8.30331103E-10
1.76188469E-09
3.80161909E-09
1.64491006E-08
6.45511738E-08
2.29749492E-07
7.41640446E-07
2.17130425E-06
5.76549217E-06
1.38848285E-05
3.03272538E-05
6.00778080E-05
1.07940270E-04
1.75890083E-04
2.59948692E-04
3.48435461E-04
4.23589795E-04
4.67043206E-04
4.67043206E-04
4.23589795E-04
3.48435461E-04
2.59948692E-04
1.75890083E-04
1.07940270E-04
6.00778080E-05
3.03272538E-05
1.38848285E-05
5.76549217E-06
2.17130425E-06
7.41640446E-07
2.29749492E-07
6.45511738E-08
1.64491006E-08
3.80161909E-09
1.76188469E-09
3.59706652E-09
1.63428506E-08
6.73434844E-08
2.51681785E-07
8.53093075E-07
2.62258442E-06
7.31224893E-06
1.84910208E-05
4.24091176E-05
8.82157265E-05
1.66426019E-04
2.84763853E-04
4.41913153E-04
6.21981440E-04
7.93974129E-04
9.19228979E-04
9.65227068E-04
9.19228979E-04
7.93974129E-04
6.21981440E-04
4.41913153E-04
2.84763853E-04
1.66426019E-04
8.82157265E-05
4.24091176E-05
1.84910208E-05
7.31224893E-06
2.62258442E-06
8.53093075E-07
2.51681785E-07
6.73434844E-08
1.63428506E-08
3.59706652E-09
7.06584761E-09
1.52459814E-08
6.59673354E-08
2.58875487E-07
9.21385441E-07
2.97426864E-06
8.70778038E-06
2.31218815E-05
5.56836002E-05
1.21624165E-04
2.40935538E-04
4.32882757E-04
7.05388117E-04
1.04249606E-03
1.39736266E-03
1.69876097E-03
1.87302617E-03
1.87302617E-03
1.69876097E-03
1.39736266E-03
1.04249606E-03
7.05388117E-04
4.32882757E-04
2.40935538E-04
1.21624165E-04
5.56836002E-05
2.31218815E-05
8.70778038E-06
2.97426864E-06
9.21385441E-07
2.58875487E-07
6.59673354E-08
1.52459814E-08
7.06584761E-09
1.33544153E-08
6.06742224E-08
2.50018412E-07
9.34390025E-07
3.16718057E-06
9.73656764E-06
2.71473458E-05
6.86494869E-05
1.57447455E-04
3.27508385E-04
6.17870743E-04
1.05721002E-03
1.64064015E-03
2.30915898E-03
2.94769646E-03
3.41271574E-03
3.58348755E-03
3.41271574E-03
2.94769646E-03
2.30915898E-03
1.64064015E-03
1.05721002E-03
6.17870743E-04
3.27508385E-04
1.57447455E-04
6.86494869E-05
2.71473458E-05
9.73656764E-06
3.16718057E-06
9.34390025E-07
2.50018412E-07
6.06742224E-08
1.33544153E-08
2.42845628E-08
5.23988079E-08
2.26722679E-07
8.89727370E-07
3.16670325E-06
1.02222433E-05
2.99277101E-05
7.94674347E-05
1.91378580E-04
4.18009250E-04
8.28069685E-04
1.48777175E-03
2.42434354E-03
3.58294749E-03
4.80258605E-03
5.83845982E-03
6.43739067E-03
6.43739067E-03
5.83845982E-03
4.80258605E-03
3.58294749E-03
2.42434354E-03
1.48777175E-03
8.28069685E-04
4.18009250E-04
1.91378580E-04
7.94674347E-05
2.99277101E-05
1.02222433E-05
3.16670325E-06
8.89727370E-07
2.26722679E-07
5.23988079E-08
2.42845628E-08
4.24893925E-08
1.93045581E-07
7.95477017E-07
2.97292422E-06
1.00769353E-05
3.09785817E-05
8.63739977E-05
2.18420270E-04
5.00946434E-04
1.04202483E-03
1.96586313E-03
3.36369736E-03
5.21998171E-03
7.34699050E-03
9.37860845E-03
1.08581481E-02
1.14014883E-02
1.08581481E-02
9.37860845E-03
7.34699050E-03
5.21998171E-03
3.36369736E-03
1.96586313E-03
1.04202483E-03
5.00946434E-04
2.18420270E-04
8.63739977E-05
3.09785817E-05
1.00769353E-05
2.97292422E-06
7.95477017E-07
1.93045581E-07
4.24893925E-08
7.15279151E-08
1.54335802E-07
6.67790508E-07
2.62060900E-06
9.32722911E-06
3.01086644E-05
8.81492794E-05
2.34063918E-04
5.63687762E-04
1.23120727E-03
2.43900204E-03
4.38209296E-03
7.14067782E-03
1.05532377E-02
1.41455694E-02
1.71966390E-02
1.89607339E-02
1.89607339E-02
1.71966390E-02
1.41455694E-02
1.05532377E-02
7.14067782E-03
4.38209296E-03
2.43900204E-03
1.23120727E-03
5.63687762E-04
2.34063918E-04
8.81492794E-05
3.01086644E-05
9.32722911E-06
2.62060900E-06
6.67790508E-07
1.54335802E-07
7.15279151E-08
1.15855171E-07
5.26374407E-07
2.16901491E-06
8.10622658E-06
2.74766240E-05
8.44688207E-05
2.35514647E-04
5.95563181E-04
1.36592291E-03
2.84127303E-03
5.36028865E-03
9.17174169E-03
1.42332436E-02
2.00329256E-02
2.55725069E-02
2.96067448E-02
3.10882622E-02
2.96067448E-02
2.55725069E-02
2.00329256E-02
1.42332436E-02
9.17174169E-03
5.36028865E-03
2.84127303E-03
1.36592291E-03
5.95563181E-04
2.35514647E-04
8.44688207E-05
2.74766240E-05
8.10622658E-06
2.16901491E-06
5.26374407E-07
1.15855171E-07
1.80551077E-07
3.89575109E-07
1.68563973E-06
6.61495273E-06
2.35438326E-05
7.60004226E-05
2.22506797E-04
5.90825169E-04
1.42286312E-03
3.10781878E-03
6.15653963E-03
1.10612983E-02
1.80245303E-02
2.66385289E-02
3.57063082E-02
4.34078314E-02
4.78607677E-02
4.78607677E-02
4.34078314E-02
3.57063082E-02
2.66385289E-02
1.80245303E-02
1.10612983E-02
6.15653963E-03
3.10781878E-03
1.42286312E-03
5.90825169E-04
2.22506797E-04
7.60004226E-05
2.35438326E-05
6.61495273E-06
1.68563973E-06
3.89575109E-07
1.80551077E-07
2.70725748E-07
1.23001074E-06
5.06846763E-06
1.89423073E-05
6.42062802E-05
1.97383375E-04
5.50341244E-04
1.39168831E-03
3.19183424E-03
6.63937362E-03
1.25257090E-02
2.14321606E-02
3.32596766E-02
4.68121425E-02
5.97568154E-02
6.91838618E-02
7.26458125E-02
6.91838618E-02
5.97568154E-02
4.68121425E-02
3.32596766E-02
2.14321606E-02
1.25257090E-02
6.63937362E-03
3.19183424E-03
1.39168831E-03
5.50341244E-04
1.97383375E-04
6.42062802E-05
1.89423073E-05
5.06846763E-06
1.23001074E-06
2.70725748E-07
3.90574470E-07
8.42742644E-07
3.64643543E-06
1.43096995E-05
5.09308508E-05
1.64406800E-04
4.81334568E-04
1.27809389E-03
3.07798779E-03
6.72294342E-03
1.33180441E-02
2.39281913E-02
3.89913009E-02
5.76254072E-02
7.72411478E-02
9.39013551E-02
1.03534104E-01
1.03534104E-01
9.39013551E-02
7.72411478E-02
5.76254072E-02
3.89913009E-02
2.39281913E-02
1.33180441E-02
6.72294342E-03
3.07798779E-03
1.27809389E-03
4.81334568E-04
1.64406800E-04
5.09308508E-05
1.43096995E-05
3.64643543E-06
8.42742644E-07
3.90574470E-07
5.42154360E-07
2.46321487E-06
1.01500941E-05
3.79337931E-05
1.28579254E-04
3.95279201E-04
1.10211130E-03
2.78698976E-03
6.39195520E-03
1.32959845E-02
2.50839375E-02
4.29199638E-02
6.66057027E-02
9.37458198E-02
1.19668773E-01
1.38547340E-01
1.45480230E-01
1.38547340E-01
1.19668773E-01
9.37458198E-02
6.66057027E-02
4.29199638E-02
2.50839375E-02
1.32959845E-02
6.39195520E-03
2.78698976E-03
1.10211130E-03
3.95279201E-04
1.28579254E-04
3.79337931E-05
1.01500941E-05
2.46321487E-06
5.42154360E-07
7.24080527E-07
1.56234875E-06
6.76007545E-06
2.65285510E-05
9.44199892E-05
3.04791459E-04
8.92339398E-04
2.36944031E-03
5.70623834E-03
1.24635704E-02
2.46901350E-02
4.43601379E-02
7.22854253E-02
1.06830933E-01
1.43196279E-01
1.74082404E-01
1.91940422E-01
1.91940422E-01
1.74082404E-01
1.43196279E-01
1.06830933E-01
7.22854253E-02
4.43601379E-02
2.46901350E-02
1.24635704E-02
5.70623834E-03
2.36944031E-03
8.92339398E-04
3.04791459E-04
9.44199892E-05
2.65285510E-05
6.76007545E-06
1.56234875E-06
7.24080527E-07
9.30455461E-07
4.22741547E-06
1.74197815E-05
6.51026858E-05
2.20670123E-04
6.78385564E-04
1.89146404E-03
4.78308400E-03
1.09699932E-02
2.28188175E-02
4.30495230E-02
7.36600453E-02
1.14309954E-01
1.60888331E-01
2.05377788E-01
2.37777539E-01
2.49675894E-01
2.37777539E-01
2.05377788E-01
1.60888331E-01
1.14309954E-01
7.36600453E-02
4.30495230E-02
2.28188175E-02
1.09699932E-02
4.78308400E-03
1.89146404E-03
6.78385564E-04
2.20670123E-04
6.51026858E-05
1.74197815E-05
4.22741547E-06
9.30455461E-07
1.15040067E-06
2.48221985E-06
1.07402354E-05
4.21478852E-05
1.50012070E-04
4.84244894E-04
1.41772607E-03
3.76450632E-03
9.06592591E-03
1.98018027E-02
3.92270567E-02
7.04782555E-02
1.14845240E-01
1.69730262E-01
2.27506596E-01
2.76577682E-01
3.04950046E-01
3.04950046E-01
2.76577682E-01
2.27506596E-01
1.69730262E-01
1.14845240E-01
7.04782555E-02
3.92270567E-02
1.98018027E-02
9.06592591E-03
3.76450632E-03
1.41772607E-03
4.84244894E-04
1.50012070E-04
4.21478852E-05
1.07402354E-05
2.48221985E-06
1.15040067E-06
1.36850842E-06
6.21765781E-06
2.56209122E-05
9.57526475E-05
3.24560319E-04
9.97765499E-04
2.78195418E-03
7.03493182E-03
1.61346014E-02
3.35617827E-02
6.33169853E-02
1.08338762E-01
1.68126408E-01
2.36633611E-01
3.02068443E-01
3.49721806E-01
3.67221836E-01
3.49721806E-01
3.02068443E-01
2.36633611E-01
1.68126408E-01
1.08338762E-01
6.33169853E-02
3.35617827E-02
1.61346014E-02
7.03493182E-03
2.78195418E-03
9.97765499E-04
3.24560319E-04
9.57526475E-05
2.56209122E-05
6.21765781E-06
1.36850842E-06
1.56635657E-06
3.37972801E-06
1.46236340E-05
5.73874987E-05
2.04252656E-04
6.59335650E-04
1.93034010E-03
5.12565698E-03
1.23439363E-02
2.69616358E-02
5.34105722E-02
9.59614173E-02
1.56370385E-01
2.31100448E-01
3.09767250E-01
3.76581205E-01
4.15212301E-01
4.15212301E-01
3.76581205E-01
3.09767250E-01
2.31100448E-01
1.56370385E-01
9.59614173E-02
5.34105722E-02
2.69616358E-02
1.23439363E-02
5.12565698E-03
1.93034010E-03
6.59335650E-04
2.04252656E-04
5.73874987E-05
1.46236340E-05
3.37972801E-06
1.56635657E-06
1.72495831E-06
7.83714616E-06
3.22942883E-05
1.20692955E-04
4.09097242E-04
1.25764947E-03
3.50655861E-03
8.86729224E-03
2.03371163E-02
4.23034853E-02
7.98089061E-02
1.36557323E-01
2.11917618E-01
2.98268617E-01
3.80746996E-01
4.40812440E-01
4.62870632E-01
4.40812440E-01
3.80746996E-01
2.98268617E-01
2.11917618E-01
1.36557323E-01
7.98089061E-02
4.23034853E-02
2.03371163E-02
8.86729224E-03
3.50655861E-03
1.25764947E-03
4.09097242E-04
1.20692955E-04
3.22942883E-05
7.83714616E-06
1.72495831E-06
1.82772725E-06
3.94368759E-06
1.70638121E-05
6.69634851E-05
2.38335352E-04
7.69355939E-04
2.25244703E-03
5.98095165E-03
1.44037119E-02
3.14605992E-02
6.23229473E-02
1.11974055E-01
1.82463188E-01
2.69663111E-01
3.61456677E-01
4.39419568E-01
4.84496857E-01
4.84496857E-01
4.39419568E-01
3.61456677E-01
2.69663111E-01
1.82463188E-01
1.11974055E-01
6.23229473E-02
3.14605992E-02
1.44037119E-02
5.98095165E-03
2.25244703E-03
7.69355939E-04
2.38335352E-04
6.69634851E-05
1.70638121E-05
3.94368759E-06
1.82772725E-06
1.86332659E-06
8.46580622E-06
3.48847886E-05
1.30374392E-04
4.41913153E-04
1.35853236E-03
3.78783872E-03
9.57858592E-03
2.19684668E-02
4.56968777E-02
8.62108119E-02
1.47511328E-01
2.28916681E-01
3.22194362E-01
4.11288781E-01
4.76172400E-01
5.00000000E-01
4.76172400E-01
4.11288781E-01
3.22194362E-01
2.28916681E-01
1.47511328E-01
8.62108119E-02
4.56968777E-02
2.19684668E-02
9.57858592E-03
3.78783872E-03
1.35853236E-03
4.41913153E-04
1.30374392E-04
3.48847886E-05
8.46580622E-06
1.86332659E-06
1.82772725E-06
3.94368759E-06
1.70638121E-05
6.69634851E-05
2.38335352E-04
7.69355939E-04
2.25244703E-03
5.98095165E-03
1.44037119E-02
3.14605992E-02
6.23229473E-02
1.11974055E-01
1.82463188E-01
2.69663111E-01
3.61456677E-01
4.39419568E-01
4.84496857E-01
4.84496857E-01
4.39419568E-01
3.61456677E-01
2.69663111E-01
1.82463188E-01
1.11974055E-01
6.23229473E-02
3.14605992E-02
1.44037119E-02
5.98095165E-03
2.25244703E-03
7.69355939E-04
2.38335352E-04
6.69634851E-05
1.70638121E-05
3.94368759E-06
1.82772725E-06
1.72495831E-06
7.83714616E-06
3.22942883E-05
1.20692955E-04
4.09097242E-04
1.25764947E-03
3.50655861E-03
8.86729224E-03
2.03371163E-02
4.23034853E-02
7.98089061E-02
1.36557323E-01
2.11917618E-01
2.98268617E-01
3.80746996E-01
4.40812440E-01
4.62870632E-01
4.40812440E-01
3.80746996E-01
2.98268617E-01
2.11917618E-01
1.36557323E-01
7.98089061E-02
4.23034853E-02
2.03371163E-02
8.86729224E-03
3.50655861E-03
1.25764947E-03
4.09097242E-04
1.20692955E-04
3.22942883E-05
7.83714616E-06
1.72495831E-06
1.56635657E-06
3.37972801E-06
1.46236340E-05
5.73874987E-05
2.04252656E-04
6.59335650E-04
1.93034010E-03
5.12565698E-03
1.23439363E-02
2.69616358E-02
5.34105722E-02
9.59614173E-02
1.56370385E-01
2.31100448E-01
3.09767250E-01
3.76581205E-01
4.15212301E-01
4.15212301E-01
3.76581205E-01
3.09767250E-01
2.31100448E-01
1.56370385E-01
9.59614173E-02
5.34105722E-02
2.69616358E-02
1.23439363E-02
5.12565698E-03
1.93034010E-03
6.59335650E-04
2.04252656E-04
5.73874987E-05
1.46236340E-05
3.37972801E-06
1.56635657E-06
1.36850842E-06
6.21765781E-06
2.56209122E-05
9.57526475E-05
3.24560319E-04
9.97765499E-04
2.78195418E-03
7.03493182E-03
1.61346014E-02
3.35617827E-02
6.33169853E-02
1.08338762E-01
1.68126408E-01
2.36633611E-01
3.02068443E-01
3.49721806E-01
3.67221836E-01
3.49721806E-01
3.02068443E-01
2.36633611E-01
1.68126408E-01
1.08338762E-01
6.33169853E-02
3.35617827E-02
1.61346014E-02
7.03493182E-03
2.78195418E-03
9.97765499E-04
3.24560319E-04
9.57526475E-05
2.56209122E-05
6.21765781E-06
1.36850842E-06
1.15040067E-06
2.48221985E-06
1.07402354E-05
4.21478852E-05
1.50012070E-04
4.84244894E-04
1.41772607E-03
3.76450632E-03
9.06592591E-03
1.98018027E-02
3.92270567E-02
7.04782555E-02
1.14845240E-01
1.69730262E-01
2.27506596E-01
2.76577682E-01
3.04950046E-01
3.04950046E-01
2.76577682E-01
2.27506596E-01
1.69730262E-01
1.14845240E-01
7.04782555E-02
3.92270567E-02
1.98018027E-02
9.06592591E-03
3.76450632E-03
1.41772607E-03
4.84244894E-04
1.50012070E-04
4.21478852E-05
1.07402354E-05
2.48221985E-06
1.15040067E-06
9.30455461E-07
4.22741547E-06
1.74197815E-05
6.51026858E-05
2.20670123E-04
6.78385564E-04
1.89146404E-03
4.78308400E-03
1.09699932E-02
2.28188175E-02
4.30495230E-02
7.36600453E-02
1.14309954E-01
1.60888331E-01
2.05377788E-01
2.37777539E-01
2.49675894E-01
2.37777539E-01
2.05377788E-01
1.60888331E-01
1.14309954E-01
7.36600453E-02
4.30495230E-02
2.28188175E-02
1.09699932E-02
4.78308400E-03
1.89146404E-03
6.78385564E-04
2.20670123E-04
6.51026858E-05
1.74197815E-05
4.22741547E-06
9.30455461E-07
7.24080527E-07
1.56234875E-06
6.76007545E-06
2.65285510E-05
9.44199892E-05
3.04791459E-04
8.92339398E-04
2.36944031E-03
5.70623834E-03
1.24635704E-02
2.46901350E-02
4.43601379E-02
7.22854253E-02
1.06830933E-01
1.43196279E-01
1.74082404E-01
1.91940422E-01
1.91940422E-01
1.74082404E-01
1.43196279E-01
1.06830933E-01
7.22854253E-02
4.43601379E-02
2.46901350E-02
1.24635704E-02
5.70623834E-03
2.36944031E-03
8.92339398E-04
3.04791459E-04
9.44199892E-05
2.65285510E-05
6.76007545E-06
1.56234875E-06
7.24080527E-07
5.42154360E-07
2.46321487E-06
1.01500941E-05
3.79337931E-05
1.28579254E-04
3.95279201E-04
1.10211130E-03
2.78698976E-03
6.39195520E-03
1.32959845E-02
2.50839375E-02
4.29199638E-02
6.66057027E-02
9.37458198E-02
1.19668773E-01
1.38547340E-01
1.45480230E-01
1.38547340E-01
1.19668773E-01
9.37458198E-02
6.66057027E-02
4.29199638E-02
2.50839375E-02
1.32959845E-02
6.39195520E-03
2.78698976E-03
1.10211130E-03
3.95279201E-04
1.28579254E-04
3.79337931E-05
1.01500941E-05
2.46321487E-06
5.42154360E-07
3.90574470E-07
8.42742644E-07
3.64643543E-06
1.43096995E-05
5.09308508E-05
1.64406800E-04
4.81334568E-04
1.27809389E-03
3.07798779E-03
6.72294342E-03
1.33180441E-02
2.39281913E-02
3.89913009E-02
5.76254072E-02
7.72411478E-02
9.39013551E-02
1.03534104E-01
1.03534104E-01
9.39013551E-02
7.72411478E-02
5.76254072E-02
3.89913009E-02
2.39281913E-02
1.33180441E-02
6.72294342E-03
3.07798779E-03
1.27809389E-03
4.81334568E-04
1.64406800E-04
5.09308508E-05
1.43096995E-05
3.64643543E-06
8.42742644E-07
3.90574470E-07
2.70725748E-07
1.23001074E-06
5.06846763E-06
1.89423073E-05
6.42062802E-05
1.97383375E-04
5.50341244E-04
1.39168831E-03
3.19183424E-03
6.63937362E-03
1.25257090E-02
2.14321606E-02
3.32596766E-02
4.68121425E-02
5.97568154E-02
6.91838618E-02
7.26458125E-02
6.91838618E-02
5.97568154E-02
4.68121425E-02
3.32596766E-02
2.14321606E-02
1.25257090E-02
6.63937362E-03
3.19183424E-03
1.39168831E-03
5.50341244E-04
1.97383375E-04
6.42062802E-05
1.89423073E-05
5.06846763E-06
1.23001074E-06
2.70725748E-07
1.80551077E-07
3.89575109E-07
1.68563973E-06
6.61495273E-06
2.35438326E-05
7.60004226E-05
2.22506797E-04
5.90825169E-04
1.42286312E-03
3.10781878E-03
6.15653963E-03
1.10612983E-02
1.80245303E-02
2.66385289E-02
3.57063082E-02
4.34078314E-02
4.78607677E-02
4.78607677E-02
4.34078314E-02
3.57063082E-02
2.66385289E-02
1.80245303E-02
1.10612983E-02
6.15653963E-03
3.10781878E-03
1.42286312E-03
5.90825169E-04
2.22506797E-04
7.60004226E-05
2.35438326E-05
6.61495273E-06
1.68563973E-06
3.89575109E-07
1.80551077E-07
1.15855171E-07
5.26374407E-07
2.16901491E-06
8.10622658E-06
2.74766240E-05
8.44688207E-05
2.35514647E-04
5.95563181E-04
1.36592291E-03
2.84127303E-03
5.36028865E-03
9.17174169E-03
1.42332436E-02
2.00329256E-02
2.55725069E-02
2.96067448E-02
3.10882622E-02
2.96067448E-02
2.55725069E-02
2.00329256E-02
1.42332436E-02
9.17174169E-03
5.36028865E-03
2.84127303E-03
1.36592291E-03
5.95563181E-04
2.35514647E-04
8.44688207E-05
2.74766240E-05
8.10622658E-06
2.16901491E-06
5.26374407E-07
1.15855171E-07
7.15279151E-08
1.54335802E-07
6.67790508E-07
2.62060900E-06
9.32722911E-06
3.01086644E-05
8.81492794E-05
2.34063918E-04
5.63687762E-04
1.23120727E-03
2.43900204E-03
4.38209296E-03
7.14067782E-03
1.05532377E-02
1.41455694E-02
1.71966390E-02
1.89607339E-02
1.89607339E-02
1.71966390E-02
1.41455694E-02
1.05532377E-02
7.14067782E-03
4.38209296E-03
2.43900204E-03
1.23120727E-03
5.63687762E-04
2.34063918E-04
8.81492794E-05
3.01086644E-05
9.32722911E-06
2.62060900E-06
6.67790508E-07
1.54335802E-07
7.15279151E-08
4.24893925E-08
1.93045581E-07
7.95477017E-07
2.97292422E-06
1.00769353E-05
3.09785817E-05
8.63739977E-05
2.18420270E-04
5.00946434E-04
1.04202483E-03
1.96586313E-03
3.36369736E-03
5.21998171E-03
7.34699050E-03
9.37860845E-03
1.08581481E-02
1.14014883E-02
1.08581481E-02
9.37860845E-03
7.34699050E-03
5.21998171E-03
3.36369736E-03
1.96586313E-03
1.04202483E-03
5.00946434E-04
2.18420270E-04
8.63739977E-05
3.09785817E-05
1.00769353E-05
2.97292422E-06
7.95477017E-07
1.93045581E-07
4.24893925E-08
2.42845628E-08
5.23988079E-08
2.26722679E-07
8.89727370E-07
3.16670325E-06
1.02222433E-05
2.99277101E-05
7.94674347E-05
1.91378580E-04
4.18009250E-04
8.28069685E-04
1.48777175E-03
2.42434354E-03
3.58294749E-03
4.80258605E-03
5.83845982E-03
6.43739067E-03
6.43739067E-03
5.83845982E-03
4.80258605E-03
3.58294749E-03
2.42434354E-03
1.48777175E-03
8.28069685E-04
4.18009250E-04
1.91378580E-04
7.94674347E-05
2.99277101E-05
1.02222433E-05
3.16670325E-06
8.89727370E-07
2.26722679E-07
5.23988079E-08
2.42845628E-08
1.33544153E-08
6.06742224E-08
2.50018412E-07
9.34390025E-07
3.16718057E-06
9.73656764E-06
2.71473458E-05
6.86494869E-05
1.57447455E-04
3.27508385E-04
6.17870743E-04
1.05721002E-03
1.64064015E-03
2.30915898E-03
2.94769646E-03
3.41271574E-03
3.58348755E-03
3.41271574E-03
2.94769646E-03
2.30915898E-03
1.64064015E-03
1.05721002E-03
6.17870743E-04
3.27508385E-04
1.57447455E-04
6.86494869E-05
2.71473458E-05
9.73656764E-06
3.16718057E-06
9.34390025E-07
2.50018412E-07
6.06742224E-08
1.33544153E-08
7.06584761E-09
1.52459814E-08
6.59673354E-08
2.58875487E-07
9.21385441E-07
2.97426864E-06
8.70778038E-06
2.31218815E-05
5.56836002E-05
1.21624165E-04
2.40935538E-04
4.32882757E-04
7.05388117E-04
1.04249606E-03
1.39736266E-03
1.69876097E-03
1.87302617E-03
1.87302617E-03
1.69876097E-03
1.39736266E-03
1.04249606E-03
7.05388117E-04
4.32882757E-04
2.40935538E-04
1.21624165E-04
5.56836002E-05
2.31218815E-05
8.70778038E-06
2.97426864E-06
9.21385441E-07
2.58875487E-07
6.59673354E-08
1.52459814E-08
7.06584761E-09
3.59706652E-09
1.63428506E-08
6.73434844E-08
2.51681785E-07
8.53093075E-07
2.62258442E-06
7.31224893E-06
1.84910208E-05
4.24091176E-05
8.82157265E-05
1.66426019E-04
2.84763853E-04
4.41913153E-04
6.21981440E-04
7.93974129E-04
9.19228979E-04
9.65227068E-04
9.19228979E-04
7.93974129E-04
6.21981440E-04
4.41913153E-04
2.84763853E-04
1.66426019E-04
8.82157265E-05
4.24091176E-05
1.84910208E-05
7.31224893E-06
2.62258442E-06
8.53093075E-07
2.51681785E-07
6.73434844E-08
1.63428506E-08
3.59706652E-09
1.76188469E-09
3.80161909E-09
1.64491006E-08
6.45511738E-08
2.29749492E-07
7.41640446E-07
2.17130425E-06
5.76549217E-06
1.38848285E-05
3.03272538E-05
6.00778080E-05
1.07940270E-04
1.75890083E-04
2.59948692E-04
3.48435461E-04
4.23589795E-04
4.67043206E-04
4.67043206E-04
4.23589795E-04
3.48435461E-04
2.59948692E-04
1.75890083E-04
1.07940270E-04
6.00778080E-05
3.03272538E-05
1.38848285E-05
5.76549217E-06
2.17130425E-06
7.41640446E-07
2.29749492E-07
6.45511738E-08
1.64491006E-08
3.80161909E-09
1.76188469E-09
8.30331103E-10
3.77251217E-09
1.55452754E-08
5.80971225E-08
1.96924274E-07
6.05385918E-07
1.68792756E-06
4.26838637E-06
9.78953524E-06
2.03633325E-05
3.84170543E-05
6.57336425E-05
1.02009300E-04
1.43575475E-04
1.83277516E-04
2.12190797E-04
2.22808795E-04
2.12190797E-04
1.83277516E-04
1.43575475E-04
1.02009300E-04
6.57336425E-05
3.84170543E-05
2.03633325E-05
9.78953524E-06
4.26838637E-06
1.68792756E-06
6.05385918E-07
1.96924274E-07
5.80971225E-08
1.55452754E-08
3.77251217E-09
8.30331103E-10
3.76504312E-10
8.12383459E-10
3.51507528E-09
1.37942031E-08
4.90961043E-08
1.58484166E-07
4.63994844E-07
1.23205149E-06
2.96710554E-06
6.48075432E-06
1.28382714E-05
2.30661958E-05
3.75866679E-05
5.55494942E-05
7.44585922E-05
9.05186278E-05
9.98043642E-05
9.98043642E-05
9.05186278E-05
7.44585922E-05
5.55494942E-05
3.75866679E-05
2.30661958E-05
1.28382714E-05
6.48075432E-06
2.96710554E-06
1.23205149E-06
4.63994844E-07
1.58484166E-07
4.90961043E-08
1.37942031E-08
3.51507528E-09
8.12383459E-10
3.76504312E-10
1.64260599E-10
7.46298803E-10
3.07525064E-09
1.14930877E-08
3.89566273E-08
1.19760724E-07
3.33914979E-07
8.44395327E-07
1.93661892E-06
4.02838480E-06
7.59986989E-06
1.30037854E-05
2.01800325E-05
2.84028787E-05
3.62569515E-05
4.19767336E-05
4.40772434E-05
4.19767336E-05
3.62569515E-05
2.84028787E-05
2.01800325E-05
1.30037854E-05
7.59986989E-06
4.02838480E-06
1.93661892E-06
8.44395327E-07
3.33914979E-07
1.19760724E-07
3.89566273E-08
1.14930877E-08
3.07525064E-09
7.46298803E-10
1.64260599E-10
6.89511735E-11
1.48775966E-10
6.43733836E-10
2.52620345E-09
8.99122240E-09
2.90240214E-08
8.49737651E-08
2.25631934E-07
5.43381316E-07
1.18685391E-06
2.35113875E-06
4.22423122E-06
6.88344005E-06
1.01730649E-05
1.36359854E-05
1.65771424E-05
1.82776871E-05
1.82776871E-05
1.65771424E-05
1.36359854E-05
1.01730649E-05
6.88344005E-06
4.22423122E-06
2.35113875E-06
1.18685391E-06
5.43381316E-07
2.25631934E-07
8.49737651E-08
2.90240214E-08
8.99122240E-09
2.52620345E-09
6.43733836E-10
1.48775966E-10
6.89511735E-11
2.78480463E-11
1.26524338E-10
5.21364969E-10
1.94848941E-09
6.60454160E-09
2.03037259E-08
5.66105314E-08
1.43155208E-07
3.28326170E-07
6.82955299E-07
1.28844975E-06
2.20460671E-06
3.42123725E-06
4.81530376E-06
6.14685000E-06
7.11655763E-06
7.47266918E-06
7.11655763E-06
6.14685000E-06
4.81530376E-06
3.42123725E-06
2.20460671E-06
1.28844975E-06
6.82955299E-07
3.28326170E-07
1.43155208E-07
5.66105314E-08
2.03037259E-08
6.60454160E-09
1.94848941E-09
5.21364969E-10
1.26524338E-10
2.78480463E-11
1.08216287E-11
2.33498313E-11
1.01031617E-10
3.96478180E-10
1.41113872E-09
4.55521158E-09
1.33363145E-08
3.54120880E-08
8.52816647E-08
1.86272281E-07
3.69002430E-07
6.62977286E-07
1.08033016E-06
1.59662448E-06
2.14011689E-06
2.60172048E-06
2.86861462E-06
2.86861462E-06
2.60172048E-06
2.14011689E-06
1.59662448E-06
1.08033016E-06
6.62977286E-07
3.69002430E-07
1.86272281E-07
8.52816647E-08
3.54120880E-08
1.33363145E-08
4.55521158E-09
1.41113872E-09
3.96478180E-10
1.01031617E-10
2.33498313E-11
1.08216287E-11
4.04608799E-12
1.83829272E-11
7.57499653E-11
2.83099199E-10
9.59584604E-10
2.94996139E-09
8.22503628E-09
2.07992532E-08
4.77030438E-08
9.92276874E-08
1.87200963E-07
3.20310899E-07
4.97077131E-07
6.99623325E-07
8.93085845E-07
1.03397625E-06
1.08571627E-06
1.03397625E-06
8.93085845E-07
6.99623325E-07
4.97077131E-07
3.20310899E-07
1.87200963E-07
9.92276874E-08
4.77030438E-08
2.07992532E-08
8.22503628E-09
2.94996139E-09
9.59584604E-10
2.83099199E-10
7.57499653E-11
1.83829272E-11
4.04608799E-12
1.45553559E-12
3.14060955E-12
1.35890002E-11
5.33272871E-11
1.89801617E-10
6.12687124E-10
1.79376700E-09
4.76301264E-09
1.14705929E-08
2.50540784E-08
4.96317314E-08
8.91720701E-08
1.45307055E-07
2.14749906E-07
2.87850968E-07
3.49937783E-07
3.85835698E-07
3.85835698E-07
3.49937783E-07
2.87850968E-07
2.14749906E-07
1.45307055E-07
8.91720701E-08
4.96317314E-08
2.50540784E-08
1.14705929E-08
4.76301264E-09
1.79376700E-09
6.12687124E-10
1.89801617E-10
5.33272871E-11
1.35890002E-11
3.14060955E-12
1.45553559E-12
5.03796499E-13
2.28894042E-12
9.43196674E-12
3.52499465E-11
1.19482168E-10
3.67312877E-10
1.02413603E-09
2.58980798E-09
5.93971919E-09
1.23552828E-08
2.33092286E-08
3.98833416E-08
6.18932952E-08
8.71132270E-08
1.11202110E-07
1.28745004E-07
1.35187386E-07
1.28745004E-07
1.11202110E-07
8.71132270E-08
6.18932952E-08
3.98833416E-08
2.33092286E-08
1.23552828E-08
5.93971919E-09
2.58980798E-09
1.02413603E-09
3.67312877E-10
1.19482168E-10
3.52499465E-11
9.43196674E-12
2.28894042E-12
5.03796499E-13
1.67776942E-13
3.62012354E-13
1.56637935E-12
6.14693946E-12
2.18780874E-11
7.06233311E-11
2.06764261E-10
5.49023809E-10
1.32219440E-09
2.88793808E-09
5.72095947E-09
1.02787024E-08
1.67492801E-08
2.47538314E-08
3.31800579E-08
4.03366922E-08
4.44745796E-08
4.44745796E-08
4.03366922E-08
3.31800579E-08
2.47538314E-08
1.67492801E-08
1.02787024E-08
5.72095947E-09
2.88793808E-09
1.32219440E-09
5.49023809E-10
2.06764261E-10
7.06233311E-11
2.18780874E-11
6.14693946E-12
1.56637935E-12
3.62012354E-13
1.67776942E-13
5.37593775E-14
2.44249439E-13
1.00647119E-12
3.76146953E-12
1.27497650E-11
3.91954125E-11
1.09284037E-10
2.76354569E-10
6.33818628E-10
1.31841391E-09
2.48729322E-09
4.25589225E-09
6.60454177E-09
9.29572330E-09
1.18662123E-08
1.37381885E-08
1.44256455E-08
1.37381885E-08
1.18662123E-08
9.29572330E-09
6.60454177E-09
4.25589225E-09
2.48729322E-09
1.31841391E-09
6.33818628E-10
2.76354569E-10
1.09284037E-10
3.91954125E-11
1.27497650E-11
3.76146953E-12
1.00647119E-12
2.44249439E-13
5.37593775E-14
1.65737576E-14
3.57612014E-14
1.54733966E-13
6.07222206E-13
2.16121544E-12
6.97648890E-12
2.04250996E-11
5.42350304E-11
1.30612284E-10
2.85283456E-10
5.65141994E-10
1.01537625E-09
1.65456889E-09
2.44529431E-09
3.27767470E-09
3.98463908E-09
4.39339812E-09
4.39339812E-09
3.98463908E-09
3.27767470E-09
2.44529431E-09
1.65456889E-09
1.01537625E-09
5.65141994E-10
2.85283456E-10
1.30612284E-10
5.42350304E-11
2.04250996E-11
6.97648890E-12
2.16121544E-12
6.07222206E-13
1.54733966E-13
3.57612014E-14
1.65737576E-14
4.91623400E-15
2.23363337E-14
9.20406465E-14
3.43982115E-13
1.16595152E-12
3.58437595E-12
9.99390104E-12
2.52723114E-11
5.79619935E-11
1.20567455E-10
2.27460139E-10
3.89196511E-10
6.03977841E-10
8.50083335E-10
1.08515163E-09
1.25634173E-09
1.31920889E-09
1.25634173E-09
1.08515163E-09
8.50083335E-10
6.03977841E-10
3.89196511E-10
2.27460139E-10
1.20567455E-10
5.79619935E-11
2.52723114E-11
9.99390104E-12
3.58437595E-12
1.16595152E-12
3.43982115E-13
9.20406465E-14
2.23363337E-14
4.91623400E-15
1.40310095E-15
3.02747132E-15
1.30994661E-14
5.14062095E-14
1.82964148E-13
5.90615506E-13
1.72914781E-12
4.59142849E-12
1.10573730E-11
2.41515231E-11
4.78437836E-11
8.59597097E-11
1.40072472E-10
2.07013694E-10
2.77481342E-10
3.37331523E-10
3.71936241E-10
3.71936241E-10
3.37331523E-10
2.77481342E-10
2.07013694E-10
1.40072472E-10
8.59597097E-11
4.78437836E-11
2.41515231E-11
1.10573730E-11
4.59142849E-12
1.72914781E-12
5.90615506E-13
1.82964148E-13
5.14062095E-14
1.30994661E-14
3.02747132E-15
1.40310095E-15
3.85292119E-16
1.75052964E-15
7.21335392E-15
2.69583584E-14
9.13772480E-14
2.80912545E-13
7.83235972E-13
1.98062631E-12
4.54256232E-12
9.44903968E-12
1.78263685E-11
3.05018737E-11
4.73345863E-11
6.66222173E-11
8.50448480E-11
9.84612545E-11
1.03388242E-10
9.84612545E-11
8.50448480E-11
6.66222173E-11
4.73345863E-11
3.05018737E-11
1.78263685E-11
9.44903968E-12
4.54256232E-12
1.98062631E-12
7.83235972E-13
2.80912545E-13
9.13772480E-14
2.69583584E-14
7.21335392E-15
1.75052964E-15
3.85292119E-16
1.01797268E-16
2.19647994E-16
9.50387683E-16
3.72960455E-15
1.32743481E-14
4.28501206E-14
1.25452501E-13
3.33115644E-13
8.02230489E-13
1.75223248E-12
3.47114472E-12
6.23651748E-12
1.01624868E-11
1.50191819E-11
2.01317250E-11
2.44739535E-11
2.69845824E-11
2.69845824E-11
2.44739535E-11
2.01317250E-11
1.50191819E-11
1.01624868E-11
6.23651748E-12
3.47114472E-12
1.75223248E-12
8.02230489E-13
3.33115644E-13
1.25452501E-13
4.28501206E-14
1.32743481E-14
3.72960455E-15
9.50387683E-16
2.19647994E-16
1.01797268E-16
2.58777750E-17
1.17572642E-16
4.84477986E-16
1.81063224E-15
6.13726507E-15
1.88672212E-14
5.26052915E-14
1.33026864E-13
3.05096834E-13
6.34635672E-13
1.19729092E-12
2.04862904E-12
3.17918201E-12
4.47461722E-12
5.71195551E-12
6.61305556E-12
6.94397193E-12
6.61305556E-12
5.71195551E-12
4.47461722E-12
3.17918201E-12
2.04862904E-12
1.19729092E-12
6.34635672E-13
3.05096834E-13
1.33026864E-13
5.26052915E-14
1.88672212E-14
6.13726507E-15
1.81063224E-15
4.84477986E-16
1.17572642E-16
2.58777750E-17
1.21032804E-16
5.17479437E-16
2.00823826E-15
7.07408181E-15
2.26182023E-14
6.56416713E-14
1.72915933E-13
4.13451395E-13
8.97321663E-13
1.76769044E-12
3.16081248E-12
5.13009930E-12
7.55766039E-12
1.01060993E-11
1.22663215E-11
1.35138700E-11
1.35138700E-11
1.22663215E-11
1.01060993E-11
7.55766039E-12
5.13009930E-12
3.16081248E-12
1.76769044E-12
8.97321663E-13
4.13451395E-13
1.72915933E-13
6.56416713E-14
2.26182023E-14
7.07408181E-15
2.00823826E-15
5.17479437E-16
1.21032804E-16
1.21032804E-16
5.17479437E-16
2.00823826E-15
7.07408181E-15
2.26182023E-14
6.56416713E-14
1.72915933E-13
4.13451395E-13
8.97321663E-13
1.76769044E-12
3.16081248E-12
5.13009930E-12
7.55766039E-12
1.01060993E-11
1.22663215E-11
1.35138700E-11
1.35138700E-11
1.22663215E-11
1.01060993E-11
7.55766039E-12
5.13009930E-12
3.16081248E-12
1.76769044E-12
8.97321663E-13
4.13451395E-13
1.72915933E-13
6.56416713E-14
2.26182023E-14
7.07408181E-15
2.00823826E-15
5.17479437E-16
1.21032804E-16
1.15774346E-16
2.35579127E-16
1.60528813E-15
3.11560209E-15
1.90837310E-14
3.53647788E-14
1.94516224E-13
3.44528598E-13
1.69998054E-12
2.88074438E-12
1.27391827E-11
2.06731688E-11
8.18583953E-11
1.27329246E-10
4.51049457E-10
6.73072958E-10
2.13127829E-09
3.05352343E-09
8.63629850E-09
1.18887481E-08
3.00125953E-08
3.97242544E-08
8.94510366E-08
1.13906296E-07
2.28660452E-07
2.80283978E-07
5.01347621E-07
5.91823825E-07
9.42861214E-07
1.07229491E-06
1.52102533E-06
1.66704298E-06
2.10486433E-06
2.22368096E-06
2.49879105E-06
2.54491381E-06
2.54491381E-06
2.49879105E-06
2.22368096E-06
2.10486433E-06
1.66704298E-06
1.52102533E-06
1.07229491E-06
9.42861214E-07
5.91823825E-07
5.01347621E-07
2.80283978E-07
2.28660452E-07
1.13906296E-07
8.94510366E-08
3.97242544E-08
3.00125953E-08
1.18887481E-08
8.63629850E-09
3.05352343E-09
2.13127829E-09
6.73072958E-10
4.51049457E-10
1.27329246E-10
8.18583953E-11
2.06731688E-11
1.27391827E-11
2.88074438E-12
1.69998054E-12
3.44528598E-13
1.94516224E-13
3.53647788E-14
1.90837310E-14
3.11560209E-15
1.60528813E-15
2.35579127E-16
1.15774346E-16
1.15774346E-16
2.35579127E-16
1.60528813E-15
3.11560209E-15
1.90837310E-14
3.53647788E-14
1.94516224E-13
3.44528598E-13
1.69998054E-12
2.88074438E-12
1.27391827E-11
2.06731688E-11
8.18583953E-11
1.27329246E-10
4.51049457E-10
6.73072958E-10
2.13127829E-09
3.05352343E-09
8.63629850E-09
1.18887481E-08
3.00125953E-08
3.97242544E-08
8.94510366E-08
1.13906296E-07
2.28660452E-07
2.80283978E-07
5.01347621E-07
5.91823825E-07
9.42861214E-07
1.07229491E-06
1.52102533E-06
1.66704298E-06
2.10486433E-06
2.22368096E-06
2.49879105E-06
2.54491381E-06
2.54491381E-06
2.49879105E-06
2.22368096E-06
2.10486433E-06
1.66704298E-06
1.52102533E-06
1.07229491E-06
9.42861214E-07
5.91823825E-07
5.01347621E-07
2.80283978E-07
2.28660452E-07
1.13906296E-07
8.94510366E-08
3.97242544E-08
3.00125953E-08
1.18887481E-08
8.63629850E-09
3.05352343E-09
2.13127829E-09
6.73072958E-10
4.51049457E-10
1.27329246E-10
8.18583953E-11
2.06731688E-11
1.27391827E-11
2.88074438E-12
1.69998054E-12
3.44528598E-13
1.94516224E-13
3.53647788E-14
1.90837310E-14
3.11560209E-15
1.60528813E-15
2.35579127E-16
1.15774346E-16
