# 2653 2
3.00000000E-01 0.00000000E+00
3.00000000E-01 0.00000000E+00
3.00000000E-01 0.00000000E+00
3.00000000E-01 0.00000000E+00
3.00000000E-01 0.00000000E+00
3.00000000E-01 0.00000000E+00
3.00000000E-01 0.00000000E+00
3.00000000E-01 0.00000000E+00
3.00000000E-01 0.00000000E+00
3.00000000E-01 0.00000000E+00
3.00000000E-01 0.00000000E+00
3.00000000E-01 0.00000000E+00
3.00000000E-01 0.00000000E+00
3.00000000E-01 0.00000000E+00
3.00000000E-01 0.00000000E+00
3.00000000E-01 0.00000000E+00
3.00000000E-01 0.00000000E+00
3.00000000E-01 0.00000000E+00
3.00000000E-01 0.00000000E+00
3.00000000E-01 0.00000000E+00
3.00000000E-01 0.00000000E+00
3.00000000E-01 0.00000000E+00
3.00000000E-01 0.00000000E+00
3.00000000E-01 0.00000000E+00
3.00000000E-01 0.00000000E+00
3.00000000E-01 0.00000000E+00
3.00000000E-01 0.00000000E+00
3.00000000E-01 0.00000000E+00
3.00000000E-01 0.00000000E+00
3.00000000E-01 0.00000000E+00
3.00000000E-01 0.00000000E+00
3.00000000E-01 0.00000000E+00
3.00000000E-01 0.00000000E+00
3.00000000E-01 0.00000000E+00
3.00000000E-01 0.00000000E+00
3.00000000E-01 0.00000000E+00
3.00000000E-01 0.00000000E+00
3.00000000E-01 0.00000000E+00
3.00000000E-01 0.00000000E+00
3.00000000E-01 0.00000000E+00
3.00000000E-01 0.00000000E+00
3.00000000E-01 0.00000000E+00
3.00000000E-01 0.00000000E+00
3.00000000E-01 0.00000000E+00
3.00000000E-01 0.00000000E+00
3.00000000E-01 0.00000000E+00
3.00000000E-01 0.00000000E+00
3.00000000E-01 0.00000000E+00
3.00000000E-01 0.00000000E+00
3.00000000E-01 0.00000000E+00
3.00000000E-01 0.00000000E+00
3.00000000E-01 0.00000000E+00
3.00000000E-01 0.00000000E+00
3.00000000E-01 0.00000000E+00
3.00000000E-01 0.00000000E+00
3.00000000E-01 0.00000000E+00
3.00000000E-01 0.00000000E+00
3.00000000E-01 0.00000000E+00
3.00000000E-01 0.00000000E+00
3.00000000E-01 0.00000000E+00
3.00000000E-01 0.00000000E+00
3.00000000E-01 0.00000000E+00
3.00000000E-01 0.00000000E+00
3.00000000E-01 0.00000000E+00
3.00000000E-01 0.00000000E+00
3.00000000E-01 0.00000000E+00
3.00000000E-01 0.00000000E+00
3.00000000E-01 0.00000000E+00
3.00000000E-01 0.00000000E+00
3.00000000E-01 0.00000000E+00
3.00000000E-01 0.00000000E+00
3.00000000E-01 0.00000000E+00
3.00000000E-01 0.00000000E+00
3.00000000E-01 0.00000000E+00
3.00000000E-01 0.00000000E+00
3.00000000E-01 0.00000000E+00
3.00000000E-01 0.00000000E+00
3.00000000E-01 0.00000000E+00
3.00000000E-01 0.00000000E+00
3.00000000E-01 0.00000000E+00
3.00000000E-01 0.00000000E+00
3.00000000E-01 0.00000000E+00
3.00000000E-01 0.00000000E+00
3.00000000E-01 0.00000000E+00
3.00000000E-01 0.00000000E+00
3.00000000E-01 0.00000000E+00
3.00000000E-01 0.00000000E+00
3.00000000E-01 0.00000000E+00
3.00000000E-01 0.00000000E+00
3.00000000E-01 0.00000000E+00
3.00000000E-01 0.00000000E+00
3.00000000E-01 0.00000000E+00
3.00000000E-01 0.00000000E+00
3.00000000E-01 0.00000000E+00
3.00000000E-01 0.00000000E+00
3.00000000E-01 0.00000000E+00
3.00000000E-01 0.00000000E+00
3.00000000E-01 0.00000000E+00
3.00000000E-01 0.00000000E+00
3.00000000E-01 0.00000000E+00
3.00000000E-01 0.00000000E+00
3.00000000E-01 0.00000000E+00
3.00000000E-01 0.00000000E+00
3.00000000E-01 0.00000000E+00
3.00000000E-01 0.00000000E+00
3.00000000E-01 0.00000000E+00
3.00000000E-01 0.00000000E+00
3.00000000E-01 0.00000000E+00
3.00000000E-01 0.00000000E+00
3.00000000E-01 0.00000000E+00
3.00000000E-01 0.00000000E+00
3.00000000E-01 0.00000000E+00
3.00000000E-01 0.00000000E+00
3.00000000E-01 0.00000000E+00
3.00000000E-01 0.00000000E+00
3.00000000E-01 0.00000000E+00
3.00000000E-01 0.00000000E+00
3.00000000E-01 0.00000000E+00
3.00000000E-01 0.00000000E+00
3.00000000E-01 0.00000000E+00
3.00000000E-01 0.00000000E+00
3.00000000E-01 0.00000000E+00
3.00000000E-01 0.00000000E+00
3.00000000E-01 0.00000000E+00
3.00000000E-01 0.00000000E+00
3.00000000E-01 0.00000000E+00
3.00000000E-01 0.00000000E+00
3.00000000E-01 0.00000000E+00
3.00000000E-01 0.00000000E+00
3.00000000E-01 0.00000000E+00
3.00000000E-01 0.00000000E+00
3.00000000E-01 0.00000000E+00
3.00000000E-01 0.00000000E+00
3.00000000E-01 0.00000000E+00
3.00000000E-01 0.00000000E+00
3.00000000E-01 0.00000000E+00
3.00000000E-01 0.00000000E+00
3.00000000E-01 0.00000000E+00
3.00000000E-01 0.00000000E+00
3.00000000E-01 0.00000000E+00
3.00000000E-01 0.00000000E+00
3.00000000E-01 0.00000000E+00
3.00000000E-01 0.00000000E+00
3.00000000E-01 0.00000000E+00
3.00000000E-01 0.00000000E+00
3.00000000E-01 0.00000000E+00
3.00000000E-01 0.00000000E+00
3.00000000E-01 0.00000000E+00
3.00000000E-01 0.00000000E+00
3.00000000E-01 0.00000000E+00
3.00000000E-01 0.00000000E+00
3.00000000E-01 0.00000000E+00
3.00000000E-01 0.00000000E+00
3.00000000E-01 0.00000000E+00
3.00000000E-01 0.00000000E+00
3.00000000E-01 0.00000000E+00
3.00000000E-01 0.00000000E+00
3.00000000E-01 0.00000000E+00
3.00000000E-01 0.00000000E+00
3.00000000E-01 0.00000000E+00
3.00000000E-01 0.00000000E+00
3.00000000E-01 0.00000000E+00
3.00000000E-01 0.00000000E+00
3.00000000E-01 0.00000000E+00
3.00000000E-01 0.00000000E+00
3.00000000E-01 0.00000000E+00
3.00000000E-01 0.00000000E+00
3.00000000E-01 0.00000000E+00
3.00000000E-01 0.00000000E+00
3.00000000E-01 0.00000000E+00
3.00000000E-01 0.00000000E+00
3.00000000E-01 0.00000000E+00
3.00000000E-01 0.00000000E+00
3.00000000E-01 0.00000000E+00
3.00000000E-01 0.00000000E+00
3.00000000E-01 0.00000000E+00
3.00000000E-01 0.00000000E+00
3.00000000E-01 0.00000000E+00
3.00000000E-01 0.00000000E+00
3.00000000E-01 0.00000000E+00
2.99999999E-01 0.00000000E+00
2.99999999E-01 0.00000000E+00
2.99999999E-01 0.00000000E+00
2.99999999E-01 0.00000000E+00
2.99999999E-01 0.00000000E+00
2.99999999E-01 0.00000000E+00
2.99999999E-01 0.00000000E+00
2.99999999E-01 0.00000000E+00
3.00000000E-01 0.00000000E+00
3.00000000E-01 0.00000000E+00
3.00000000E-01 0.00000000E+00
3.00000000E-01 0.00000000E+00
3.00000000E-01 0.00000000E+00
3.00000000E-01 0.00000000E+00
3.00000000E-01 0.00000000E+00
3.00000000E-01 0.00000000E+00
3.00000000E-01 0.00000000E+00
3.00000000E-01 0.00000000E+00
3.00000000E-01 0.00000000E+00
3.00000000E-01 0.00000000E+00
3.00000000E-01 0.00000000E+00
3.00000000E-01 0.00000000E+00
3.00000000E-01 0.00000000E+00
3.00000000E-01 0.00000000E+00
3.00000000E-01 0.00000000E+00
3.00000000E-01 0.00000000E+00
3.00000000E-01 0.00000000E+00
3.00000000E-01 0.00000000E+00
3.00000000E-01 0.00000000E+00
3.00000000E-01 0.00000000E+00
3.00000000E-01 0.00000000E+00
2.99999999E-01 0.00000000E+00
2.99999999E-01 0.00000000E+00
2.99999998E-01 0.00000000E+00
2.99999997E-01 0.00000000E+00
2.99999996E-01 0.00000000E+00
2.99999996E-01 0.00000000E+00
2.99999996E-01 0.00000000E+00
2.99999996E-01 0.00000000E+00
2.99999996E-01 0.00000000E+00
2.99999997E-01 0.00000000E+00
2.99999998E-01 0.00000000E+00
2.99999999E-01 0.00000000E+00
2.99999999E-01 0.00000000E+00
3.00000000E-01 0.00000000E+00
3.00000000E-01 0.00000000E+00
3.00000000E-01 0.00000000E+00
3.00000000E-01 0.00000000E+00
3.00000000E-01 0.00000000E+00
3.00000000E-01 0.00000000E+00
3.00000000E-01 0.00000000E+00
3.00000000E-01 0.00000000E+00
3.00000000E-01 0.00000000E+00
3.00000000E-01 0.00000000E+00
3.00000000E-01 0.00000000E+00
3.00000000E-01 0.00000000E+00
3.00000000E-01 0.00000000E+00
3.00000000E-01 0.00000000E+00
3.00000000E-01 0.00000000E+00
3.00000000E-01 0.00000000E+00
3.00000000E-01 0.00000000E+00
3.00000000E-01 0.00000000E+00
3.00000000E-01 0.00000000E+00
2.99999999E-01 0.00000000E+00
2.99999998E-01 0.00000000E+00
2.99999997E-01 0.00000000E+00
2.99999995E-01 0.00000000E+00
2.99999993E-01 0.00000000E+00
2.99999990E-01 0.00000000E+00
2.99999988E-01 0.00000000E+00
2.99999987E-01 0.00000000E+00
2.99999987E-01 0.00000000E+00
2.99999988E-01 0.00000000E+00
2.99999990E-01 0.00000000E+00
2.99999993E-01 0.00000000E+00
2.99999995E-01 0.00000000E+00
2.99999997E-01 0.00000000E+00
2.99999998E-01 0.00000000E+00
2.99999999E-01 0.00000000E+00
3.00000000E-01 0.00000000E+00
3.00000000E-01 0.00000000E+00
3.00000000E-01 0.00000000E+00
3.00000000E-01 0.00000000E+00
3.00000000E-01 0.00000000E+00
3.00000000E-01 0.00000000E+00
3.00000000E-01 0.00000000E+00
3.00000000E-01 0.00000000E+00
3.00000000E-01 0.00000000E+00
3.00000000E-01 0.00000000E+00
3.00000000E-01 0.00000000E+00
3.00000000E-01 0.00000000E+00
3.00000000E-01 0.00000000E+00
3.00000000E-01 0.00000000E+00
3.00000000E-01 0.00000000E+00
3.00000000E-01 0.00000000E+00
2.99999999E-01 0.00000000E+00
2.99999998E-01 0.00000000E+00
2.99999996E-01 0.00000000E+00
2.99999993E-01 0.00000000E+00
2.99999988E-01 0.00000000E+00
2.99999981E-01 0.00000000E+00
2.99999974E-01 0.00000000E+00
2.99999967E-01 0.00000000E+00
2.99999961E-01 0.00000000E+00
2.99999959E-01 0.00000000E+00
2.99999961E-01 0.00000000E+00
2.99999967E-01 0.00000000E+00
2.99999974E-01 0.00000000E+00
2.99999981E-01 0.00000000E+00
2.99999988E-01 0.00000000E+00
2.99999993E-01 0.00000000E+00
2.99999996E-01 0.00000000E+00
2.99999998E-01 0.00000000E+00
2.99999999E-01 0.00000000E+00
3.00000000E-01 0.00000000E+00
3.00000000E-01 0.00000000E+00
3.00000000E-01 0.00000000E+00
3.00000000E-01 0.00000000E+00
3.00000000E-01 0.00000000E+00
3.00000000E-01 0.00000000E+00
3.00000000E-01 0.00000000E+00
3.00000000E-01 0.00000000E+00
3.00000000E-01 0.00000000E+00
3.00000000E-01 0.00000000E+00
3.00000000E-01 0.00000000E+00
3.00000000E-01 0.00000000E+00
3.00000000E-01 0.00000000E+00
2.99999999E-01 0.00000000E+00
2.99999999E-01 0.00000000E+00
2.99999997E-01 0.00000000E+00
2.99999992E-01 0.00000000E+00
2.99999985E-01 0.00000000E+00
2.99999973E-01 0.00000000E+00
2.99999956E-01 0.00000000E+00
2.99999936E-01 0.00000000E+00
2.99999914E-01 0.00000000E+00
2.99999895E-01 0.00000000E+00
2.99999884E-01 0.00000000E+00
2.99999884E-01 0.00000000E+00
2.99999895E-01 0.00000000E+00
2.99999914E-01 0.00000000E+00
2.99999936E-01 0.00000000E+00
2.99999956E-01 0.00000000E+00
2.99999973E-01 0.00000000E+00
2.99999985E-01 0.00000000E+00
2.99999992E-01 0.00000000E+00
2.99999997E-01 0.00000000E+00
2.99999999E-01 0.00000000E+00
2.99999999E-01 0.00000000E+00
3.00000000E-01 0.00000000E+00
3.00000000E-01 0.00000000E+00
3.00000000E-01 0.00000000E+00
3.00000000E-01 0.00000000E+00
3.00000000E-01 0.00000000E+00
3.00000000E-01 0.00000000E+00
3.00000000E-01 0.00000000E+00
3.00000000E-01 0.00000000E+00
3.00000000E-01 0.00000000E+00
3.00000000E-01 0.00000000E+00
3.00000000E-01 0.00000000E+00
2.99999999E-01 0.00000000E+00
2.99999998E-01 0.00000000E+00
2.99999994E-01 0.00000000E+00
2.99999986E-01 0.00000000E+00
2.99999970E-01 0.00000000E+00
2.99999944E-01 0.00000000E+00
2.99999904E-01 0.00000000E+00
2.99999851E-01 0.00000000E+00
2.99999790E-01 0.00000000E+00
2.99999732E-01 0.00000000E+00
2.99999690E-01 0.00000000E+00
2.99999674E-01 0.00000000E+00
2.99999690E-01 0.00000000E+00
2.99999732E-01 0.00000000E+00
2.99999790E-01 0.00000000E+00
2.99999851E-01 0.00000000E+00
2.99999904E-01 0.00000000E+00
2.99999944E-01 0.00000000E+00
2.99999970E-01 0.00000000E+00
2.99999986E-01 0.00000000E+00
2.99999994E-01 0.00000000E+00
2.99999998E-01 0.00000000E+00
2.99999999E-01 0.00000000E+00
3.00000000E-01 0.00000000E+00
3.00000000E-01 0.00000000E+00
3.00000000E-01 0.00000000E+00
3.00000000E-01 0.00000000E+00
3.00000000E-01 0.00000000E+00
3.00000000E-01 0.00000000E+00
3.00000000E-01 0.00000000E+00
3.00000000E-01 0.00000000E+00
3.00000000E-01 0.00000000E+00
3.00000000E-01 0.00000000E+00
2.99999999E-01 0.00000000E+00
2.99999996E-01 0.00000000E+00
2.99999989E-01 0.00000000E+00
2.99999974E-01 0.00000000E+00
2.99999944E-01 0.00000000E+00
2.99999889E-01 0.00000000E+00
2.99999801E-01 0.00000000E+00
2.99999676E-01 0.00000000E+00
2.99999521E-01 0.00000000E+00
2.99999358E-01 0.00000000E+00
2.99999219E-01 0.00000000E+00
2.99999139E-01 0.00000000E+00
2.99999139E-01 0.00000000E+00
2.99999219E-01 0.00000000E+00
2.99999358E-01 0.00000000E+00
2.99999521E-01 0.00000000E+00
2.99999676E-01 0.00000000E+00
2.99999801E-01 0.00000000E+00
2.99999889E-01 0.00000000E+00
2.99999944E-01 0.00000000E+00
2.99999974E-01 0.00000000E+00
2.99999989E-01 0.00000000E+00
2.99999996E-01 0.00000000E+00
2.99999999E-01 0.00000000E+00
3.00000000E-01 0.00000000E+00
3.00000000E-01 0.00000000E+00
3.00000000E-01 0.00000000E+00
3.00000000E-01 0.00000000E+00
3.00000000E-01 0.00000000E+00
3.00000000E-01 0.00000000E+00
3.00000000E-01 0.00000000E+00
3.00000000E-01 0.00000000E+00
2.99999999E-01 0.00000000E+00
2.99999998E-01 0.00000000E+00
2.99999994E-01 0.00000000E+00
2.99999983E-01 0.00000000E+00
2.99999957E-01 0.00000000E+00
2.99999902E-01 0.00000000E+00
2.99999795E-01 0.00000000E+00
2.99999613E-01 0.00000000E+00
2.99999339E-01 0.00000000E+00
2.99998974E-01 0.00000000E+00
2.99998555E-01 0.00000000E+00
2.99998156E-01 0.00000000E+00
2.99997865E-01 0.00000000E+00
2.99997758E-01 0.00000000E+00
2.99997865E-01 0.00000000E+00
2.99998156E-01 0.00000000E+00
2.99998555E-01 0.00000000E+00
2.99998974E-01 0.00000000E+00
2.99999339E-01 0.00000000E+00
2.99999613E-01 0.00000000E+00
2.99999795E-01 0.00000000E+00
2.99999902E-01 0.00000000E+00
2.99999957E-01 0.00000000E+00
2.99999983E-01 0.00000000E+00
2.99999994E-01 0.00000000E+00
2.99999998E-01 0.00000000E+00
2.99999999E-01 0.00000000E+00
3.00000000E-01 0.00000000E+00
3.00000000E-01 0.00000000E+00
3.00000000E-01 0.00000000E+00
3.00000000E-01 0.00000000E+00
3.00000000E-01 0.00000000E+00
3.00000000E-01 0.00000000E+00
2.99999999E-01 0.00000000E+00
2.99999997E-01 0.00000000E+00
2.99999991E-01 0.00000000E+00
2.99999975E-01 0.00000000E+00
2.99999932E-01 0.00000000E+00
2.99999837E-01 0.00000000E+00
2.99999644E-01 0.00000000E+00
2.99999295E-01 0.00000000E+00
2.99998733E-01 0.00000000E+00
2.99997935E-01 0.00000000E+00
2.99996948E-01 0.00000000E+00
2.99995909E-01 0.00000000E+00
2.99995027E-01 0.00000000E+00
2.99994517E-01 0.00000000E+00
2.99994517E-01 0.00000000E+00
2.99995027E-01 0.00000000E+00
2.99995909E-01 0.00000000E+00
2.99996948E-01 0.00000000E+00
2.99997935E-01 0.00000000E+00
2.99998733E-01 0.00000000E+00
2.99999295E-01 0.00000000E+00
2.99999644E-01 0.00000000E+00
2.99999837E-01 0.00000000E+00
2.99999932E-01 0.00000000E+00
2.99999975E-01 0.00000000E+00
2.99999991E-01 0.00000000E+00
2.99999997E-01 0.00000000E+00
2.99999999E-01 0.00000000E+00
3.00000000E-01 0.00000000E+00
3.00000000E-01 0.00000000E+00
3.00000000E-01 0.00000000E+00
3.00000000E-01 0.00000000E+00
3.00000000E-01 0.00000000E+00
2.99999999E-01 0.00000000E+00
2.99999997E-01 0.00000000E+00
2.99999988E-01 0.00000000E+00
2.99999964E-01 0.00000000E+00
2.99999900E-01 0.00000000E+00
2.99999747E-01 0.00000000E+00
2.99999419E-01 0.00000000E+00
2.99998791E-01 0.00000000E+00
2.99997720E-01 0.00000000E+00
2.99996099E-01 0.00000000E+00
2.99993946E-01 0.00000000E+00
2.99991479E-01 0.00000000E+00
2.99989123E-01 0.00000000E+00
2.99987407E-01 0.00000000E+00
2.99986777E-01 0.00000000E+00
2.99987407E-01 0.00000000E+00
2.99989123E-01 0.00000000E+00
2.99991479E-01 0.00000000E+00
2.99993946E-01 0.00000000E+00
2.99996099E-01 0.00000000E+00
2.99997720E-01 0.00000000E+00
2.99998791E-01 0.00000000E+00
2.99999419E-01 0.00000000E+00
2.99999747E-01 0.00000000E+00
2.99999900E-01 0.00000000E+00
2.99999964E-01 0.00000000E+00
2.99999988E-01 0.00000000E+00
2.99999997E-01 0.00000000E+00
2.99999999E-01 0.00000000E+00
3.00000000E-01 0.00000000E+00
3.00000000E-01 0.00000000E+00
3.00000000E-01 0.00000000E+00
3.00000000E-01 0.00000000E+00
2.99999999E-01 0.00000000E+00
2.99999996E-01 0.00000000E+00
2.99999985E-01 0.00000000E+00
2.99999952E-01 0.00000000E+00
2.99999861E-01 0.00000000E+00
2.99999630E-01 0.00000000E+00
2.99999110E-01 0.00000000E+00
2.99998056E-01 0.00000000E+00
2.99996149E-01 0.00000000E+00
2.99993080E-01 0.00000000E+00
2.99988724E-01 0.00000000E+00
2.99983335E-01 0.00000000E+00
2.99977662E-01 0.00000000E+00
2.99972844E-01 0.00000000E+00
2.99970059E-01 0.00000000E+00
2.99970059E-01 0.00000000E+00
2.99972844E-01 0.00000000E+00
2.99977662E-01 0.00000000E+00
2.99983335E-01 0.00000000E+00
2.99988724E-01 0.00000000E+00
2.99993080E-01 0.00000000E+00
2.99996149E-01 0.00000000E+00
2.99998056E-01 0.00000000E+00
2.99999110E-01 0.00000000E+00
2.99999630E-01 0.00000000E+00
2.99999861E-01 0.00000000E+00
2.99999952E-01 0.00000000E+00
2.99999985E-01 0.00000000E+00
2.99999996E-01 0.00000000E+00
2.99999999E-01 0.00000000E+00
3.00000000E-01 0.00000000E+00
3.00000000E-01 0.00000000E+00
3.00000000E-01 0.00000000E+00
2.99999999E-01 0.00000000E+00
2.99999995E-01 0.00000000E+00
2.99999983E-01 0.00000000E+00
2.99999941E-01 0.00000000E+00
2.99999818E-01 0.00000000E+00
2.99999494E-01 0.00000000E+00
2.99998719E-01 0.00000000E+00
2.99997063E-01 0.00000000E+00
2.99993891E-01 0.00000000E+00
2.99988475E-01 0.00000000E+00
2.99980280E-01 0.00000000E+00
2.99969397E-01 0.00000000E+00
2.99956927E-01 0.00000000E+00
2.99945017E-01 0.00000000E+00
2.99936343E-01 0.00000000E+00
2.99933157E-01 0.00000000E+00
2.99936343E-01 0.00000000E+00
2.99945017E-01 0.00000000E+00
2.99956927E-01 0.00000000E+00
2.99969397E-01 0.00000000E+00
2.99980280E-01 0.00000000E+00
2.99988475E-01 0.00000000E+00
2.99993891E-01 0.00000000E+00
2.99997063E-01 0.00000000E+00
2.99998719E-01 0.00000000E+00
2.99999494E-01 0.00000000E+00
2.99999818E-01 0.00000000E+00
2.99999941E-01 0.00000000E+00
2.99999983E-01 0.00000000E+00
2.99999995E-01 0.00000000E+00
2.99999999E-01 0.00000000E+00
3.00000000E-01 0.00000000E+00
2.99999999E-01 0.00000000E+00
2.99999999E-01 0.00000000E+00
2.99999995E-01 0.00000000E+00
2.99999981E-01 0.00000000E+00
2.99999931E-01 0.00000000E+00
2.99999778E-01 0.00000000E+00
2.99999349E-01 0.00000000E+00
2.99998270E-01 0.00000000E+00
2.99995835E-01 0.00000000E+00
2.99990902E-01 0.00000000E+00
2.99981977E-01 0.00000000E+00
2.99967618E-01 0.00000000E+00
2.99947233E-01 0.00000000E+00
2.99922015E-01 0.00000000E+00
2.99895469E-01 0.00000000E+00
2.99872923E-01 0.00000000E+00
2.99859887E-01 0.00000000E+00
2.99859887E-01 0.00000000E+00
2.99872923E-01 0.00000000E+00
2.99895469E-01 0.00000000E+00
2.99922015E-01 0.00000000E+00
2.99947233E-01 0.00000000E+00
2.99967618E-01 0.00000000E+00
2.99981977E-01 0.00000000E+00
2.99990902E-01 0.00000000E+00
2.99995835E-01 0.00000000E+00
2.99998270E-01 0.00000000E+00
2.99999349E-01 0.00000000E+00
2.99999778E-01 0.00000000E+00
2.99999931E-01 0.00000000E+00
2.99999981E-01 0.00000000E+00
2.99999995E-01 0.00000000E+00
2.99999999E-01 0.00000000E+00
2.99999999E-01 0.00000000E+00
2.99999999E-01 0.00000000E+00
2.99999995E-01 0.00000000E+00
2.99999980E-01 0.00000000E+00
2.99999924E-01 0.00000000E+00
2.99999744E-01 0.00000000E+00
2.99999213E-01 0.00000000E+00
2.99997806E-01 0.00000000E+00
2.99994453E-01 0.00000000E+00
2.99987277E-01 0.00000000E+00
2.99973535E-01 0.00000000E+00
2.99950072E-01 0.00000000E+00
2.99914571E-01 0.00000000E+00
2.99867426E-01 0.00000000E+00
2.99813406E-01 0.00000000E+00
2.99761808E-01 0.00000000E+00
2.99724231E-01 0.00000000E+00
2.99710432E-01 0.00000000E+00
2.99724231E-01 0.00000000E+00
2.99761808E-01 0.00000000E+00
2.99813406E-01 0.00000000E+00
2.99867426E-01 0.00000000E+00
2.99914571E-01 0.00000000E+00
2.99950072E-01 0.00000000E+00
2.99973535E-01 0.00000000E+00
2.99987277E-01 0.00000000E+00
2.99994453E-01 0.00000000E+00
2.99997806E-01 0.00000000E+00
2.99999213E-01 0.00000000E+00
2.99999744E-01 0.00000000E+00
2.99999924E-01 0.00000000E+00
2.99999980E-01 0.00000000E+00
2.99999995E-01 0.00000000E+00
2.99999999E-01 0.00000000E+00
2.99999998E-01 0.00000000E+00
2.99999995E-01 0.00000000E+00
2.99999980E-01 0.00000000E+00
2.99999922E-01 0.00000000E+00
2.99999724E-01 0.00000000E+00
2.99999108E-01 0.00000000E+00
2.99997388E-01 0.00000000E+00
2.99993063E-01 0.00000000E+00
2.99983295E-01 0.00000000E+00
2.99963513E-01 0.00000000E+00
2.99927719E-01 0.00000000E+00
2.99870135E-01 0.00000000E+00
2.99788384E-01 0.00000000E+00
2.99687251E-01 0.00000000E+00
2.99580791E-01 0.00000000E+00
2.99490372E-01 0.00000000E+00
2.99438092E-01 0.00000000E+00
2.99438092E-01 0.00000000E+00
2.99490372E-01 0.00000000E+00
2.99580791E-01 0.00000000E+00
2.99687251E-01 0.00000000E+00
2.99788384E-01 0.00000000E+00
2.99870135E-01 0.00000000E+00
2.99927719E-01 0.00000000E+00
2.99963513E-01 0.00000000E+00
2.99983295E-01 0.00000000E+00
2.99993063E-01 0.00000000E+00
2.99997388E-01 0.00000000E+00
2.99999108E-01 0.00000000E+00
2.99999724E-01 0.00000000E+00
2.99999922E-01 0.00000000E+00
2.99999980E-01 0.00000000E+00
2.99999995E-01 0.00000000E+00
2.99999998E-01 0.00000000E+00
2.99999996E-01 0.00000000E+00
2.99999982E-01 0.00000000E+00
2.99999925E-01 0.00000000E+00
2.99999720E-01 0.00000000E+00
2.99999050E-01 0.00000000E+00
2.99997079E-01 0.00000000E+00
2.99991856E-01 0.00000000E+00
2.99979405E-01 0.00000000E+00
2.99952766E-01 0.00000000E+00
2.99901747E-01 0.00000000E+00
2.99814639E-01 0.00000000E+00
2.99682837E-01 0.00000000E+00
2.99507808E-01 0.00000000E+00
2.99307252E-01 0.00000000E+00
2.99115691E-01 0.00000000E+00
2.98976185E-01 0.00000000E+00
2.98924954E-01 0.00000000E+00
2.98976185E-01 0.00000000E+00
2.99115691E-01 0.00000000E+00
2.99307252E-01 0.00000000E+00
2.99507808E-01 0.00000000E+00
2.99682837E-01 0.00000000E+00
2.99814639E-01 0.00000000E+00
2.99901747E-01 0.00000000E+00
2.99952766E-01 0.00000000E+00
2.99979405E-01 0.00000000E+00
2.99991856E-01 0.00000000E+00
2.99997079E-01 0.00000000E+00
2.99999050E-01 0.00000000E+00
2.99999720E-01 0.00000000E+00
2.99999925E-01 0.00000000E+00
2.99999982E-01 0.00000000E+00
2.99999996E-01 0.00000000E+00
2.99999993E-01 0.00000000E+00
2.99999984E-01 0.00000000E+00
2.99999932E-01 0.00000000E+00
2.99999733E-01 0.00000000E+00
2.99999050E-01 0.00000000E+00
2.99996933E-01 0.00000000E+00
2.99991022E-01 0.00000000E+00
2.99976160E-01 0.00000000E+00
2.99942586E-01 0.00000000E+00
2.99874597E-01 0.00000000E+00
2.99751579E-01 0.00000000E+00
2.99553668E-01 0.00000000E+00
2.99272697E-01 0.00000000E+00
2.98925116E-01 0.00000000E+00
2.98559224E-01 0.00000000E+00
2.98248462E-01 0.00000000E+00
2.98068783E-01 0.00000000E+00
2.98068783E-01 0.00000000E+00
2.98248462E-01 0.00000000E+00
2.98559224E-01 0.00000000E+00
2.98925116E-01 0.00000000E+00
2.99272697E-01 0.00000000E+00
2.99553668E-01 0.00000000E+00
2.99751579E-01 0.00000000E+00
2.99874597E-01 0.00000000E+00
2.99942586E-01 0.00000000E+00
2.99976160E-01 0.00000000E+00
2.99991022E-01 0.00000000E+00
2.99996933E-01 0.00000000E+00
2.99999050E-01 0.00000000E+00
2.99999733E-01 0.00000000E+00
2.99999932E-01 0.00000000E+00
2.99999984E-01 0.00000000E+00
2.99999993E-01 0.00000000E+00
2.99999987E-01 0.00000000E+00
2.99999942E-01 0.00000000E+00
2.99999761E-01 0.00000000E+00
2.99999108E-01 0.00000000E+00
2.99996977E-01 0.00000000E+00
2.99990706E-01 0.00000000E+00
2.99974088E-01 0.00000000E+00
2.99934474E-01 0.00000000E+00
2.99849716E-01 0.00000000E+00
2.99687393E-01 0.00000000E+00
2.99410241E-01 0.00000000E+00
2.98990891E-01 0.00000000E+00
2.98434005E-01 0.00000000E+00
2.97795903E-01 0.00000000E+00
2.97186417E-01 0.00000000E+00
2.96742556E-01 0.00000000E+00
2.96579554E-01 0.00000000E+00
2.96742556E-01 0.00000000E+00
2.97186417E-01 0.00000000E+00
2.97795903E-01 0.00000000E+00
2.98434005E-01 0.00000000E+00
2.98990891E-01 0.00000000E+00
2.99410241E-01 0.00000000E+00
2.99687393E-01 0.00000000E+00
2.99849716E-01 0.00000000E+00
2.99934474E-01 0.00000000E+00
2.99974088E-01 0.00000000E+00
2.99990706E-01 0.00000000E+00
2.99996977E-01 0.00000000E+00
2.99999108E-01 0.00000000E+00
2.99999761E-01 0.00000000E+00
2.99999942E-01 0.00000000E+00
2.99999987E-01 0.00000000E+00
2.99999979E-01 0.00000000E+00
2.99999954E-01 0.00000000E+00
2.99999800E-01 0.00000000E+00
2.99999214E-01 0.00000000E+00
2.99997202E-01 0.00000000E+00
2.99990967E-01 0.00000000E+00
2.99973555E-01 0.00000000E+00
2.99929781E-01 0.00000000E+00
2.99830894E-01 0.00000000E+00
2.99630638E-01 0.00000000E+00
2.99268299E-01 0.00000000E+00
2.98685372E-01 0.00000000E+00
2.97857797E-01 0.00000000E+00
2.96834029E-01 0.00000000E+00
2.95756329E-01 0.00000000E+00
2.94841008E-01 0.00000000E+00
2.94311780E-01 0.00000000E+00
2.94311780E-01 0.00000000E+00
2.94841008E-01 0.00000000E+00
2.95756329E-01 0.00000000E+00
2.96834029E-01 0.00000000E+00
2.97857797E-01 0.00000000E+00
2.98685372E-01 0.00000000E+00
2.99268299E-01 0.00000000E+00
2.99630638E-01 0.00000000E+00
2.99830894E-01 0.00000000E+00
2.99929781E-01 0.00000000E+00
2.99973555E-01 0.00000000E+00
2.99990967E-01 0.00000000E+00
2.99997202E-01 0.00000000E+00
2.99999214E-01 0.00000000E+00
2.99999800E-01 0.00000000E+00
2.99999954E-01 0.00000000E+00
2.99999979E-01 0.00000000E+00
2.99999965E-01 0.00000000E+00
2.99999842E-01 0.00000000E+00
2.99999349E-01 0.00000000E+00
2.99997568E-01 0.00000000E+00
2.99991757E-01 0.00000000E+00
2.99974659E-01 0.00000000E+00
2.99929346E-01 0.00000000E+00
2.99821331E-01 0.00000000E+00
2.99590223E-01 0.00000000E+00
2.99147618E-01 0.00000000E+00
2.98391913E-01 0.00000000E+00
2.97248477E-01 0.00000000E+00
2.95730027E-01 0.00000000E+00
2.93990122E-01 0.00000000E+00
2.92328248E-01 0.00000000E+00
2.91117977E-01 0.00000000E+00
2.90673521E-01 0.00000000E+00
2.91117977E-01 0.00000000E+00
2.92328248E-01 0.00000000E+00
2.93990122E-01 0.00000000E+00
2.95730027E-01 0.00000000E+00
2.97248477E-01 0.00000000E+00
2.98391913E-01 0.00000000E+00
2.99147618E-01 0.00000000E+00
2.99590223E-01 0.00000000E+00
2.99821331E-01 0.00000000E+00
2.99929346E-01 0.00000000E+00
2.99974659E-01 0.00000000E+00
2.99991757E-01 0.00000000E+00
2.99997568E-01 0.00000000E+00
2.99999349E-01 0.00000000E+00
2.99999842E-01 0.00000000E+00
2.99999965E-01 0.00000000E+00
2.99999946E-01 0.00000000E+00
2.99999883E-01 0.00000000E+00
2.99999494E-01 0.00000000E+00
2.99998016E-01 0.00000000E+00
2.99992937E-01 0.00000000E+00
2.99977200E-01 0.00000000E+00
2.99933248E-01 0.00000000E+00
2.99822752E-01 0.00000000E+00
2.99573141E-01 0.00000000E+00
2.99067654E-01 0.00000000E+00
2.98153038E-01 0.00000000E+00
2.96681611E-01 0.00000000E+00
2.94592641E-01 0.00000000E+00
2.92008441E-01 0.00000000E+00
2.89288108E-01 0.00000000E+00
2.86977651E-01 0.00000000E+00
2.85641770E-01 0.00000000E+00
2.85641770E-01 0.00000000E+00
2.86977651E-01 0.00000000E+00
2.89288108E-01 0.00000000E+00
2.92008441E-01 0.00000000E+00
2.94592641E-01 0.00000000E+00
2.96681611E-01 0.00000000E+00
2.98153038E-01 0.00000000E+00
2.99067654E-01 0.00000000E+00
2.99573141E-01 0.00000000E+00
2.99822752E-01 0.00000000E+00
2.99933248E-01 0.00000000E+00
2.99977200E-01 0.00000000E+00
2.99992937E-01 0.00000000E+00
2.99998016E-01 0.00000000E+00
2.99999494E-01 0.00000000E+00
2.99999883E-01 0.00000000E+00
2.99999946E-01 0.00000000E+00
2.99999919E-01 0.00000000E+00
2.99999631E-01 0.00000000E+00
2.99998479E-01 0.00000000E+00
2.99994317E-01 0.00000000E+00
2.99980738E-01 0.00000000E+00
2.99940785E-01 0.00000000E+00
2.99834898E-01 0.00000000E+00
2.99582494E-01 0.00000000E+00
2.99042450E-01 0.00000000E+00
2.98008188E-01 0.00000000E+00
2.96242287E-01 0.00000000E+00
2.93570352E-01 0.00000000E+00
2.90022097E-01 0.00000000E+00
2.85956357E-01 0.00000000E+00
2.82072955E-01 0.00000000E+00
2.79244841E-01 0.00000000E+00
2.78206256E-01 0.00000000E+00
2.79244841E-01 0.00000000E+00
2.82072955E-01 0.00000000E+00
2.85956357E-01 0.00000000E+00
2.90022097E-01 0.00000000E+00
2.93570352E-01 0.00000000E+00
2.96242287E-01 0.00000000E+00
2.98008188E-01 0.00000000E+00
2.99042450E-01 0.00000000E+00
2.99582494E-01 0.00000000E+00
2.99834898E-01 0.00000000E+00
2.99940785E-01 0.00000000E+00
2.99980738E-01 0.00000000E+00
2.99994317E-01 0.00000000E+00
2.99998479E-01 0.00000000E+00
2.99999631E-01 0.00000000E+00
2.99999919E-01 0.00000000E+00
2.99999883E-01 0.00000000E+00
2.99999747E-01 0.00000000E+00
2.99998906E-01 0.00000000E+00
2.99995707E-01 0.00000000E+00
2.99984721E-01 0.00000000E+00
2.99950678E-01 0.00000000E+00
2.99855600E-01 0.00000000E+00
2.99616572E-01 0.00000000E+00
2.99076604E-01 0.00000000E+00
2.97983117E-01 0.00000000E+00
2.96004587E-01 0.00000000E+00
2.92821543E-01 0.00000000E+00
2.88302610E-01 0.00000000E+00
2.82712378E-01 0.00000000E+00
2.76827656E-01 0.00000000E+00
2.71829593E-01 0.00000000E+00
2.68939769E-01 0.00000000E+00
2.68939769E-01 0.00000000E+00
2.71829593E-01 0.00000000E+00
2.76827656E-01 0.00000000E+00
2.82712378E-01 0.00000000E+00
2.88302610E-01 0.00000000E+00
2.92821543E-01 0.00000000E+00
2.96004587E-01 0.00000000E+00
2.97983117E-01 0.00000000E+00
2.99076604E-01 0.00000000E+00
2.99616572E-01 0.00000000E+00
2.99855600E-01 0.00000000E+00
2.99950678E-01 0.00000000E+00
2.99984721E-01 0.00000000E+00
2.99995707E-01 0.00000000E+00
2.99998906E-01 0.00000000E+00
2.99999747E-01 0.00000000E+00
2.99999883E-01 0.00000000E+00
2.99999837E-01 0.00000000E+00
2.99999261E-01 0.00000000E+00
2.99996955E-01 0.00000000E+00
2.99988620E-01 0.00000000E+00
2.99961426E-01 0.00000000E+00
2.99881416E-01 0.00000000E+00
2.99669367E-01 0.00000000E+00
2.99163903E-01 0.00000000E+00
2.98082413E-01 0.00000000E+00
2.96011205E-01 0.00000000E+00
2.92474819E-01 0.00000000E+00
2.87124011E-01 0.00000000E+00
2.80018289E-01 0.00000000E+00
2.71876254E-01 0.00000000E+00
2.64099368E-01 0.00000000E+00
2.58435798E-01 0.00000000E+00
2.56355931E-01 0.00000000E+00
2.58435798E-01 0.00000000E+00
2.64099368E-01 0.00000000E+00
2.71876254E-01 0.00000000E+00
2.80018289E-01 0.00000000E+00
2.87124011E-01 0.00000000E+00
2.92474819E-01 0.00000000E+00
2.96011205E-01 0.00000000E+00
2.98082413E-01 0.00000000E+00
2.99163903E-01 0.00000000E+00
2.99669367E-01 0.00000000E+00
2.99881416E-01 0.00000000E+00
2.99961426E-01 0.00000000E+00
2.99988620E-01 0.00000000E+00
2.99996955E-01 0.00000000E+00
2.99999261E-01 0.00000000E+00
2.99999837E-01 0.00000000E+00
2.99999783E-01 0.00000000E+00
2.99999531E-01 0.00000000E+00
2.99997972E-01 0.00000000E+00
2.99992041E-01 0.00000000E+00
2.99971674E-01 0.00000000E+00
2.99908563E-01 0.00000000E+00
2.99732298E-01 0.00000000E+00
2.99289168E-01 0.00000000E+00
2.98288128E-01 0.00000000E+00
2.96260929E-01 0.00000000E+00
2.92592959E-01 0.00000000E+00
2.86691959E-01 0.00000000E+00
2.78314372E-01 0.00000000E+00
2.67950720E-01 0.00000000E+00
2.57041116E-01 0.00000000E+00
2.47775279E-01 0.00000000E+00
2.42417873E-01 0.00000000E+00
2.42417873E-01 0.00000000E+00
2.47775279E-01 0.00000000E+00
2.57041116E-01 0.00000000E+00
2.67950720E-01 0.00000000E+00
2.78314372E-01 0.00000000E+00
2.86691959E-01 0.00000000E+00
2.92592959E-01 0.00000000E+00
2.96260929E-01 0.00000000E+00
2.98288128E-01 0.00000000E+00
2.99289168E-01 0.00000000E+00
2.99732298E-01 0.00000000E+00
2.99908563E-01 0.00000000E+00
2.99971674E-01 0.00000000E+00
2.99992041E-01 0.00000000E+00
2.99997972E-01 0.00000000E+00
2.99999531E-01 0.00000000E+00
2.99999783E-01 0.00000000E+00
2.99999721E-01 0.00000000E+00
2.99998732E-01 0.00000000E+00
2.99994774E-01 0.00000000E+00
2.99980469E-01 0.00000000E+00
2.99933799E-01 0.00000000E+00
2.99796484E-01 0.00000000E+00
2.99432561E-01 0.00000000E+00
2.98565075E-01 0.00000000E+00
2.96709002E-01 0.00000000E+00
2.93154355E-01 0.00000000E+00
2.87085143E-01 0.00000000E+00
2.77901986E-01 0.00000000E+00
2.65707014E-01 0.00000000E+00
2.51733501E-01 0.00000000E+00
2.38386664E-01 0.00000000E+00
2.28666738E-01 0.00000000E+00
2.25097232E-01 0.00000000E+00
2.28666738E-01 0.00000000E+00
2.38386664E-01 0.00000000E+00
2.51733501E-01 0.00000000E+00
2.65707014E-01 0.00000000E+00
2.77901986E-01 0.00000000E+00
2.87085143E-01 0.00000000E+00
2.93154355E-01 0.00000000E+00
2.96709002E-01 0.00000000E+00
2.98565075E-01 0.00000000E+00
2.99432561E-01 0.00000000E+00
2.99796484E-01 0.00000000E+00
2.99933799E-01 0.00000000E+00
2.99980469E-01 0.00000000E+00
2.99994774E-01 0.00000000E+00
2.99998732E-01 0.00000000E+00
2.99999721E-01 0.00000000E+00
2.99999655E-01 0.00000000E+00
2.99999255E-01 0.00000000E+00
2.99996778E-01 0.00000000E+00
2.99987356E-01 0.00000000E+00
2.99954996E-01 0.00000000E+00
2.99854727E-01 0.00000000E+00
2.99574682E-01 0.00000000E+00
2.98870648E-01 0.00000000E+00
2.97280222E-01 0.00000000E+00
2.94059459E-01 0.00000000E+00
2.88231883E-01 0.00000000E+00
2.78856523E-01 0.00000000E+00
2.65546428E-01 0.00000000E+00
2.49080922E-01 0.00000000E+00
2.31748021E-01 0.00000000E+00
2.17026695E-01 0.00000000E+00
2.08514986E-01 0.00000000E+00
2.08514986E-01 0.00000000E+00
2.17026695E-01 0.00000000E+00
2.31748021E-01 0.00000000E+00
2.49080922E-01 0.00000000E+00
2.65546428E-01 0.00000000E+00
2.78856523E-01 0.00000000E+00
2.88231883E-01 0.00000000E+00
2.94059459E-01 0.00000000E+00
2.97280222E-01 0.00000000E+00
2.98870648E-01 0.00000000E+00
2.99574682E-01 0.00000000E+00
2.99854727E-01 0.00000000E+00
2.99954996E-01 0.00000000E+00
2.99987356E-01 0.00000000E+00
2.99996778E-01 0.00000000E+00
2.99999255E-01 0.00000000E+00
2.99999655E-01 0.00000000E+00
2.99999589E-01 0.00000000E+00
2.99998135E-01 0.00000000E+00
2.99992314E-01 0.00000000E+00
2.99971274E-01 0.00000000E+00
2.99902632E-01 0.00000000E+00
2.99700670E-01 0.00000000E+00
2.99165414E-01 0.00000000E+00
2.97889520E-01 0.00000000E+00
2.95159620E-01 0.00000000E+00
2.89931465E-01 0.00000000E+00
2.81004904E-01 0.00000000E+00
2.67498372E-01 0.00000000E+00
2.49562078E-01 0.00000000E+00
2.29009917E-01 0.00000000E+00
2.09379467E-01 0.00000000E+00
1.95083458E-01 0.00000000E+00
1.89833449E-01 0.00000000E+00
1.95083458E-01 0.00000000E+00
2.09379467E-01 0.00000000E+00
2.29009917E-01 0.00000000E+00
2.49562078E-01 0.00000000E+00
2.67498372E-01 0.00000000E+00
2.81004904E-01 0.00000000E+00
2.89931465E-01 0.00000000E+00
2.95159620E-01 0.00000000E+00
2.97889520E-01 0.00000000E+00
2.99165414E-01 0.00000000E+00
2.99700670E-01 0.00000000E+00
2.99902632E-01 0.00000000E+00
2.99971274E-01 0.00000000E+00
2.99992314E-01 0.00000000E+00
2.99998135E-01 0.00000000E+00
2.99999589E-01 0.00000000E+00
2.99999530E-01 0.00000000E+00
2.99998986E-01 0.00000000E+00
2.99995613E-01 0.00000000E+00
2.99982784E-01 0.00000000E+00
2.99938724E-01 0.00000000E+00
2.99802199E-01 0.00000000E+00
2.99420898E-01 0.00000000E+00
2.98462303E-01 0.00000000E+00
2.96296819E-01 0.00000000E+00
2.91911509E-01 0.00000000E+00
2.83976828E-01 0.00000000E+00
2.71211575E-01 0.00000000E+00
2.53088884E-01 0.00000000E+00
2.30669865E-01 0.00000000E+00
2.07069825E-01 0.00000000E+00
1.87025639E-01 0.00000000E+00
1.75436310E-01 0.00000000E+00
1.75436310E-01 0.00000000E+00
1.87025639E-01 0.00000000E+00
2.07069825E-01 0.00000000E+00
2.30669865E-01 0.00000000E+00
2.53088884E-01 0.00000000E+00
2.71211575E-01 0.00000000E+00
2.83976828E-01 0.00000000E+00
2.91911509E-01 0.00000000E+00
2.96296819E-01 0.00000000E+00
2.98462303E-01 0.00000000E+00
2.99420898E-01 0.00000000E+00
2.99802199E-01 0.00000000E+00
2.99938724E-01 0.00000000E+00
2.99982784E-01 0.00000000E+00
2.99995613E-01 0.00000000E+00
2.99998986E-01 0.00000000E+00
2.99999530E-01 0.00000000E+00
2.99999483E-01 0.00000000E+00
2.99997649E-01 0.00000000E+00
2.99990312E-01 0.00000000E+00
2.99963792E-01 0.00000000E+00
2.99877271E-01 0.00000000E+00
2.99622705E-01 0.00000000E+00
2.98948032E-01 0.00000000E+00
2.97339812E-01 0.00000000E+00
2.93898865E-01 0.00000000E+00
2.87308954E-01 0.00000000E+00
2.76057328E-01 0.00000000E+00
2.59032803E-01 0.00000000E+00
2.36424715E-01 0.00000000E+00
2.10519415E-01 0.00000000E+00
1.85775901E-01 0.00000000E+00
1.67756268E-01 0.00000000E+00
1.61138810E-01 0.00000000E+00
1.67756268E-01 0.00000000E+00
1.85775901E-01 0.00000000E+00
2.10519415E-01 0.00000000E+00
2.36424715E-01 0.00000000E+00
2.59032803E-01 0.00000000E+00
2.76057328E-01 0.00000000E+00
2.87308954E-01 0.00000000E+00
2.93898865E-01 0.00000000E+00
2.97339812E-01 0.00000000E+00
2.98948032E-01 0.00000000E+00
2.99622705E-01 0.00000000E+00
2.99877271E-01 0.00000000E+00
2.99963792E-01 0.00000000E+00
2.99990312E-01 0.00000000E+00
2.99997649E-01 0.00000000E+00
2.99999483E-01 0.00000000E+00
2.99999452E-01 0.00000000E+00
2.99998817E-01 0.00000000E+00
2.99994881E-01 0.00000000E+00
2.99979911E-01 0.00000000E+00
2.99928499E-01 0.00000000E+00
2.99769193E-01 0.00000000E+00
2.99324266E-01 0.00000000E+00
2.98205715E-01 0.00000000E+00
2.95678886E-01 0.00000000E+00
2.90561820E-01 0.00000000E+00
2.81303116E-01 0.00000000E+00
2.66407783E-01 0.00000000E+00
2.45261044E-01 0.00000000E+00
2.19101067E-01 0.00000000E+00
1.91562997E-01 0.00000000E+00
1.68174129E-01 0.00000000E+00
1.54650943E-01 0.00000000E+00
1.54650943E-01 0.00000000E+00
1.68174129E-01 0.00000000E+00
1.91562997E-01 0.00000000E+00
2.19101067E-01 0.00000000E+00
2.45261044E-01 0.00000000E+00
2.66407783E-01 0.00000000E+00
2.81303116E-01 0.00000000E+00
2.90561820E-01 0.00000000E+00
2.95678886E-01 0.00000000E+00
2.98205715E-01 0.00000000E+00
2.99324266E-01 0.00000000E+00
2.99769193E-01 0.00000000E+00
2.99928499E-01 0.00000000E+00
2.99979911E-01 0.00000000E+00
2.99994881E-01 0.00000000E+00
2.99998817E-01 0.00000000E+00
2.99999452E-01 0.00000000E+00
2.99999441E-01 0.00000000E+00
2.99997460E-01 0.00000000E+00
2.99989535E-01 0.00000000E+00
2.99960888E-01 0.00000000E+00
2.99867426E-01 0.00000000E+00
2.99592440E-01 0.00000000E+00
2.98863648E-01 0.00000000E+00
2.97126424E-01 0.00000000E+00
2.93409460E-01 0.00000000E+00
2.86290937E-01 0.00000000E+00
2.74136756E-01 0.00000000E+00
2.55746602E-01 0.00000000E+00
2.31324996E-01 0.00000000E+00
2.03341691E-01 0.00000000E+00
1.76613366E-01 0.00000000E+00
1.57148280E-01 0.00000000E+00
1.50000000E-01 0.00000000E+00
1.57148280E-01 0.00000000E+00
1.76613366E-01 0.00000000E+00
2.03341691E-01 0.00000000E+00
2.31324996E-01 0.00000000E+00
2.55746602E-01 0.00000000E+00
2.74136756E-01 0.00000000E+00
2.86290937E-01 0.00000000E+00
2.93409460E-01 0.00000000E+00
2.97126424E-01 0.00000000E+00
2.98863648E-01 0.00000000E+00
2.99592440E-01 0.00000000E+00
2.99867426E-01 0.00000000E+00
2.99960888E-01 0.00000000E+00
2.99989535E-01 0.00000000E+00
2.99997460E-01 0.00000000E+00
2.99999441E-01 0.00000000E+00
2.99999452E-01 0.00000000E+00
2.99998817E-01 0.00000000E+00
2.99994881E-01 0.00000000E+00
2.99979911E-01 0.00000000E+00
2.99928499E-01 0.00000000E+00
2.99769193E-01 0.00000000E+00
2.99324266E-01 0.00000000E+00
2.98205715E-01 0.00000000E+00
2.95678886E-01 0.00000000E+00
2.90561820E-01 0.00000000E+00
2.81303116E-01 0.00000000E+00
2.66407783E-01 0.00000000E+00
2.45261044E-01 0.00000000E+00
2.19101067E-01 0.00000000E+00
1.91562997E-01 0.00000000E+00
1.68174129E-01 0.00000000E+00
1.54650943E-01 0.00000000E+00
1.54650943E-01 0.00000000E+00
1.68174129E-01 0.00000000E+00
1.91562997E-01 0.00000000E+00
2.19101067E-01 0.00000000E+00
2.45261044E-01 0.00000000E+00
2.66407783E-01 0.00000000E+00
2.81303116E-01 0.00000000E+00
2.90561820E-01 0.00000000E+00
2.95678886E-01 0.00000000E+00
2.98205715E-01 0.00000000E+00
2.99324266E-01 0.00000000E+00
2.99769193E-01 0.00000000E+00
2.99928499E-01 0.00000000E+00
2.99979911E-01 0.00000000E+00
2.99994881E-01 0.00000000E+00
2.99998817E-01 0.00000000E+00
2.99999452E-01 0.00000000E+00
2.99999483E-01 0.00000000E+00
2.99997649E-01 0.00000000E+00
2.99990312E-01 0.00000000E+00
2.99963792E-01 0.00000000E+00
2.99877271E-01 0.00000000E+00
2.99622705E-01 0.00000000E+00
2.98948032E-01 0.00000000E+00
2.97339812E-01 0.00000000E+00
2.93898865E-01 0.00000000E+00
2.87308954E-01 0.00000000E+00
2.76057328E-01 0.00000000E+00
2.59032803E-01 0.00000000E+00
2.36424715E-01 0.00000000E+00
2.10519415E-01 0.00000000E+00
1.85775901E-01 0.00000000E+00
1.67756268E-01 0.00000000E+00
1.61138810E-01 0.00000000E+00
1.67756268E-01 0.00000000E+00
1.85775901E-01 0.00000000E+00
2.10519415E-01 0.00000000E+00
2.36424715E-01 0.00000000E+00
2.59032803E-01 0.00000000E+00
2.76057328E-01 0.00000000E+00
2.87308954E-01 0.00000000E+00
2.93898865E-01 0.00000000E+00
2.97339812E-01 0.00000000E+00
2.98948032E-01 0.00000000E+00
2.99622705E-01 0.00000000E+00
2.99877271E-01 0.00000000E+00
2.99963792E-01 0.00000000E+00
2.99990312E-01 0.00000000E+00
2.99997649E-01 0.00000000E+00
2.99999483E-01 0.00000000E+00
2.99999530E-01 0.00000000E+00
2.99998986E-01 0.00000000E+00
2.99995613E-01 0.00000000E+00
2.99982784E-01 0.00000000E+00
2.99938724E-01 0.00000000E+00
2.99802199E-01 0.00000000E+00
2.99420898E-01 0.00000000E+00
2.98462303E-01 0.00000000E+00
2.96296819E-01 0.00000000E+00
2.91911509E-01 0.00000000E+00
2.83976828E-01 0.00000000E+00
2.71211575E-01 0.00000000E+00
2.53088884E-01 0.00000000E+00
2.30669865E-01 0.00000000E+00
2.07069825E-01 0.00000000E+00
1.87025639E-01 0.00000000E+00
1.75436310E-01 0.00000000E+00
1.75436310E-01 0.00000000E+00
1.87025639E-01 0.00000000E+00
2.07069825E-01 0.00000000E+00
2.30669865E-01 0.00000000E+00
2.53088884E-01 0.00000000E+00
2.71211575E-01 0.00000000E+00
2.83976828E-01 0.00000000E+00
2.91911509E-01 0.00000000E+00
2.96296819E-01 0.00000000E+00
2.98462303E-01 0.00000000E+00
2.99420898E-01 0.00000000E+00
2.99802199E-01 0.00000000E+00
2.99938724E-01 0.00000000E+00
2.99982784E-01 0.00000000E+00
2.99995613E-01 0.00000000E+00
2.99998986E-01 0.00000000E+00
2.99999530E-01 0.00000000E+00
2.99999589E-01 0.00000000E+00
2.99998135E-01 0.00000000E+00
2.99992314E-01 0.00000000E+00
2.99971274E-01 0.00000000E+00
2.99902632E-01 0.00000000E+00
2.99700670E-01 0.00000000E+00
2.99165414E-01 0.00000000E+00
2.97889520E-01 0.00000000E+00
2.95159620E-01 0.00000000E+00
2.89931465E-01 0.00000000E+00
2.81004904E-01 0.00000000E+00
2.67498372E-01 0.00000000E+00
2.49562078E-01 0.00000000E+00
2.29009917E-01 0.00000000E+00
2.09379467E-01 0.00000000E+00
1.95083458E-01 0.00000000E+00
1.89833449E-01 0.00000000E+00
1.95083458E-01 0.00000000E+00
2.09379467E-01 0.00000000E+00
2.29009917E-01 0.00000000E+00
2.49562078E-01 0.00000000E+00
2.67498372E-01 0.00000000E+00
2.81004904E-01 0.00000000E+00
2.89931465E-01 0.00000000E+00
2.95159620E-01 0.00000000E+00
2.97889520E-01 0.00000000E+00
2.99165414E-01 0.00000000E+00
2.99700670E-01 0.00000000E+00
2.99902632E-01 0.00000000E+00
2.99971274E-01 0.00000000E+00
2.99992314E-01 0.00000000E+00
2.99998135E-01 0.00000000E+00
2.99999589E-01 0.00000000E+00
2.99999655E-01 0.00000000E+00
2.99999255E-01 0.00000000E+00
2.99996778E-01 0.00000000E+00
2.99987356E-01 0.00000000E+00
2.99954996E-01 0.00000000E+00
2.99854727E-01 0.00000000E+00
2.99574682E-01 0.00000000E+00
2.98870648E-01 0.00000000E+00
2.97280222E-01 0.00000000E+00
2.94059459E-01 0.00000000E+00
2.88231883E-01 0.00000000E+00
2.78856523E-01 0.00000000E+00
2.65546428E-01 0.00000000E+00
2.49080922E-01 0.00000000E+00
2.31748021E-01 0.00000000E+00
2.17026695E-01 0.00000000E+00
2.08514986E-01 0.00000000E+00
2.08514986E-01 0.00000000E+00
2.17026695E-01 0.00000000E+00
2.31748021E-01 0.00000000E+00
2.49080922E-01 0.00000000E+00
2.65546428E-01 0.00000000E+00
2.78856523E-01 0.00000000E+00
2.88231883E-01 0.00000000E+00
2.94059459E-01 0.00000000E+00
2.97280222E-01 0.00000000E+00
2.98870648E-01 0.00000000E+00
2.99574682E-01 0.00000000E+00
2.99854727E-01 0.00000000E+00
2.99954996E-01 0.00000000E+00
2.99987356E-01 0.00000000E+00
2.99996778E-01 0.00000000E+00
2.99999255E-01 0.00000000E+00
2.99999655E-01 0.00000000E+00
2.99999721E-01 0.00000000E+00
2.99998732E-01 0.00000000E+00
2.99994774E-01 0.00000000E+00
2.99980469E-01 0.00000000E+00
2.99933799E-01 0.00000000E+00
2.99796484E-01 0.00000000E+00
2.99432561E-01 0.00000000E+00
2.98565075E-01 0.00000000E+00
2.96709002E-01 0.00000000E+00
2.93154355E-01 0.00000000E+00
2.87085143E-01 0.00000000E+00
2.77901986E-01 0.00000000E+00
2.65707014E-01 0.00000000E+00
2.51733501E-01 0.00000000E+00
2.38386664E-01 0.00000000E+00
2.28666738E-01 0.00000000E+00
2.25097232E-01 0.00000000E+00
2.28666738E-01 0.00000000E+00
2.38386664E-01 0.00000000E+00
2.51733501E-01 0.00000000E+00
2.65707014E-01 0.00000000E+00
2.77901986E-01 0.00000000E+00
2.87085143E-01 0.00000000E+00
2.93154355E-01 0.00000000E+00
2.96709002E-01 0.00000000E+00
2.98565075E-01 0.00000000E+00
2.99432561E-01 0.00000000E+00
2.99796484E-01 0.00000000E+00
2.99933799E-01 0.00000000E+00
2.99980469E-01 0.00000000E+00
2.99994774E-01 0.00000000E+00
2.99998732E-01 0.00000000E+00
2.99999721E-01 0.00000000E+00
2.99999783E-01 0.00000000E+00
2.99999531E-01 0.00000000E+00
2.99997972E-01 0.00000000E+00
2.99992041E-01 0.00000000E+00
2.99971674E-01 0.00000000E+00
2.99908563E-01 0.00000000E+00
2.99732298E-01 0.00000000E+00
2.99289168E-01 0.00000000E+00
2.98288128E-01 0.00000000E+00
2.96260929E-01 0.00000000E+00
2.92592959E-01 0.00000000E+00
2.86691959E-01 0.00000000E+00
2.78314372E-01 0.00000000E+00
2.67950720E-01 0.00000000E+00
2.57041116E-01 0.00000000E+00
2.47775279E-01 0.00000000E+00
2.42417873E-01 0.00000000E+00
2.42417873E-01 0.00000000E+00
2.47775279E-01 0.00000000E+00
2.57041116E-01 0.00000000E+00
2.67950720E-01 0.00000000E+00
2.78314372E-01 0.00000000E+00
2.86691959E-01 0.00000000E+00
2.92592959E-01 0.00000000E+00
2.96260929E-01 0.00000000E+00
2.98288128E-01 0.00000000E+00
2.99289168E-01 0.00000000E+00
2.99732298E-01 0.00000000E+00
2.99908563E-01 0.00000000E+00
2.99971674E-01 0.00000000E+00
2.99992041E-01 0.00000000E+00
2.99997972E-01 0.00000000E+00
2.99999531E-01 0.00000000E+00
2.99999783E-01 0.00000000E+00
2.99999837E-01 0.00000000E+00
2.99999261E-01 0.00000000E+00
2.99996955E-01 0.00000000E+00
2.99988620E-01 0.00000000E+00
2.99961426E-01 0.00000000E+00
2.99881416E-01 0.00000000E+00
2.99669367E-01 0.00000000E+00
2.99163903E-01 0.00000000E+00
2.98082413E-01 0.00000000E+00
2.96011205E-01 0.00000000E+00
2.92474819E-01 0.00000000E+00
2.87124011E-01 0.00000000E+00
2.80018289E-01 0.00000000E+00
2.71876254E-01 0.00000000E+00
2.64099368E-01 0.00000000E+00
2.58435798E-01 0.00000000E+00
2.56355931E-01 0.00000000E+00
2.58435798E-01 0.00000000E+00
2.64099368E-01 0.00000000E+00
2.71876254E-01 0.00000000E+00
2.80018289E-01 0.00000000E+00
2.87124011E-01 0.00000000E+00
2.92474819E-01 0.00000000E+00
2.96011205E-01 0.00000000E+00
2.98082413E-01 0.00000000E+00
2.99163903E-01 0.00000000E+00
2.99669367E-01 0.00000000E+00
2.99881416E-01 0.00000000E+00
2.99961426E-01 0.00000000E+00
2.99988620E-01 0.00000000E+00
2.99996955E-01 0.00000000E+00
2.99999261E-01 0.00000000E+00
2.99999837E-01 0.00000000E+00
2.99999883E-01 0.00000000E+00
2.99999747E-01 0.00000000E+00
2.99998906E-01 0.00000000E+00
2.99995707E-01 0.00000000E+00
2.99984721E-01 0.00000000E+00
2.99950678E-01 0.00000000E+00
2.99855600E-01 0.00000000E+00
2.99616572E-01 0.00000000E+00
2.99076604E-01 0.00000000E+00
2.97983117E-01 0.00000000E+00
2.96004587E-01 0.00000000E+00
2.92821543E-01 0.00000000E+00
2.88302610E-01 0.00000000E+00
2.82712378E-01 0.00000000E+00
2.76827656E-01 0.00000000E+00
2.71829593E-01 0.00000000E+00
2.68939769E-01 0.00000000E+00
2.68939769E-01 0.00000000E+00
2.71829593E-01 0.00000000E+00
2.76827656E-01 0.00000000E+00
2.82712378E-01 0.00000000E+00
2.88302610E-01 0.00000000E+00
2.92821543E-01 0.00000000E+00
2.96004587E-01 0.00000000E+00
2.97983117E-01 0.00000000E+00
2.99076604E-01 0.00000000E+00
2.99616572E-01 0.00000000E+00
2.99855600E-01 0.00000000E+00
2.99950678E-01 0.00000000E+00
2.99984721E-01 0.00000000E+00
2.99995707E-01 0.00000000E+00
2.99998906E-01 0.00000000E+00
2.99999747E-01 0.00000000E+00
2.99999883E-01 0.00000000E+00
2.99999919E-01 0.00000000E+00
2.99999631E-01 0.00000000E+00
2.99998479E-01 0.00000000E+00
2.99994317E-01 0.00000000E+00
2.99980738E-01 0.00000000E+00
2.99940785E-01 0.00000000E+00
2.99834898E-01 0.00000000E+00
2.99582494E-01 0.00000000E+00
2.99042450E-01 0.00000000E+00
2.98008188E-01 0.00000000E+00
2.96242287E-01 0.00000000E+00
2.93570352E-01 0.00000000E+00
2.90022097E-01 0.00000000E+00
2.85956357E-01 0.00000000E+00
2.82072955E-01 0.00000000E+00
2.79244841E-01 0.00000000E+00
2.78206256E-01 0.00000000E+00
2.79244841E-01 0.00000000E+00
2.82072955E-01 0.00000000E+00
2.85956357E-01 0.00000000E+00
2.90022097E-01 0.00000000E+00
2.93570352E-01 0.00000000E+00
2.96242287E-01 0.00000000E+00
2.98008188E-01 0.00000000E+00
2.99042450E-01 0.00000000E+00
2.99582494E-01 0.00000000E+00
2.99834898E-01 0.00000000E+00
2.99940785E-01 0.00000000E+00
2.99980738E-01 0.00000000E+00
2.99994317E-01 0.00000000E+00
2.99998479E-01 0.00000000E+00
2.99999631E-01 0.00000000E+00
2.99999919E-01 0.00000000E+00
2.99999946E-01 0.00000000E+00
2.99999883E-01 0.00000000E+00
2.99999494E-01 0.00000000E+00
2.99998016E-01 0.00000000E+00
2.99992937E-01 0.00000000E+00
2.99977200E-01 0.00000000E+00
2.99933248E-01 0.00000000E+00
2.99822752E-01 0.00000000E+00
2.99573141E-01 0.00000000E+00
2.99067654E-01 0.00000000E+00
2.98153038E-01 0.00000000E+00
2.96681611E-01 0.00000000E+00
2.94592641E-01 0.00000000E+00
2.92008441E-01 0.00000000E+00
2.89288108E-01 0.00000000E+00
2.86977651E-01 0.00000000E+00
2.85641770E-01 0.00000000E+00
2.85641770E-01 0.00000000E+00
2.86977651E-01 0.00000000E+00
2.89288108E-01 0.00000000E+00
2.92008441E-01 0.00000000E+00
2.94592641E-01 0.00000000E+00
2.96681611E-01 0.00000000E+00
2.98153038E-01 0.00000000E+00
2.99067654E-01 0.00000000E+00
2.99573141E-01 0.00000000E+00
2.99822752E-01 0.00000000E+00
2.99933248E-01 0.00000000E+00
2.99977200E-01 0.00000000E+00
2.99992937E-01 0.00000000E+00
2.99998016E-01 0.00000000E+00
2.99999494E-01 0.00000000E+00
2.99999883E-01 0.00000000E+00
2.99999946E-01 0.00000000E+00
2.99999965E-01 0.00000000E+00
2.99999842E-01 0.00000000E+00
2.99999349E-01 0.00000000E+00
2.99997568E-01 0.00000000E+00
2.99991757E-01 0.00000000E+00
2.99974659E-01 0.00000000E+00
2.99929346E-01 0.00000000E+00
2.99821331E-01 0.00000000E+00
2.99590223E-01 0.00000000E+00
2.99147618E-01 0.00000000E+00
2.98391913E-01 0.00000000E+00
2.97248477E-01 0.00000000E+00
2.95730027E-01 0.00000000E+00
2.93990122E-01 0.00000000E+00
2.92328248E-01 0.00000000E+00
2.91117977E-01 0.00000000E+00
2.90673521E-01 0.00000000E+00
2.91117977E-01 0.00000000E+00
2.92328248E-01 0.00000000E+00
2.93990122E-01 0.00000000E+00
2.95730027E-01 0.00000000E+00
2.97248477E-01 0.00000000E+00
2.98391913E-01 0.00000000E+00
2.99147618E-01 0.00000000E+00
2.99590223E-01 0.00000000E+00
2.99821331E-01 0.00000000E+00
2.99929346E-01 0.00000000E+00
2.99974659E-01 0.00000000E+00
2.99991757E-01 0.00000000E+00
2.99997568E-01 0.00000000E+00
2.99999349E-01 0.00000000E+00
2.99999842E-01 0.00000000E+00
2.99999965E-01 0.00000000E+00
2.99999979E-01 0.00000000E+00
2.99999954E-01 0.00000000E+00
2.99999800E-01 0.00000000E+00
2.99999214E-01 0.00000000E+00
2.99997202E-01 0.00000000E+00
2.99990967E-01 0.00000000E+00
2.99973555E-01 0.00000000E+00
2.99929781E-01 0.00000000E+00
2.99830894E-01 0.00000000E+00
2.99630638E-01 0.00000000E+00
2.99268299E-01 0.00000000E+00
2.98685372E-01 0.00000000E+00
2.97857797E-01 0.00000000E+00
2.96834029E-01 0.00000000E+00
2.95756329E-01 0.00000000E+00
2.94841008E-01 0.00000000E+00
2.94311780E-01 0.00000000E+00
2.94311780E-01 0.00000000E+00
2.94841008E-01 0.00000000E+00
2.95756329E-01 0.00000000E+00
2.96834029E-01 0.00000000E+00
2.97857797E-01 0.00000000E+00
2.98685372E-01 0.00000000E+00
2.99268299E-01 0.00000000E+00
2.99630638E-01 0.00000000E+00
2.99830894E-01 0.00000000E+00
2.99929781E-01 0.00000000E+00
2.99973555E-01 0.00000000E+00
2.99990967E-01 0.00000000E+00
2.99997202E-01 0.00000000E+00
2.99999214E-01 0.00000000E+00
2.99999800E-01 0.00000000E+00
2.99999954E-01 0.00000000E+00
2.99999979E-01 0.00000000E+00
2.99999987E-01 0.00000000E+00
2.99999942E-01 0.00000000E+00
2.99999761E-01 0.00000000E+00
2.99999108E-01 0.00000000E+00
2.99996977E-01 0.00000000E+00
2.99990706E-01 0.00000000E+00
2.99974088E-01 0.00000000E+00
2.99934474E-01 0.00000000E+00
2.99849716E-01 0.00000000E+00
2.99687393E-01 0.00000000E+00
2.99410241E-01 0.00000000E+00
2.98990891E-01 0.00000000E+00
2.98434005E-01 0.00000000E+00
2.97795903E-01 0.00000000E+00
2.97186417E-01 0.00000000E+00
2.96742556E-01 0.00000000E+00
2.96579554E-01 0.00000000E+00
2.96742556E-01 0.00000000E+00
2.97186417E-01 0.00000000E+00
2.97795903E-01 0.00000000E+00
2.98434005E-01 0.00000000E+00
2.98990891E-01 0.00000000E+00
2.99410241E-01 0.00000000E+00
2.99687393E-01 0.00000000E+00
2.99849716E-01 0.00000000E+00
2.99934474E-01 0.00000000E+00
2.99974088E-01 0.00000000E+00
2.99990706E-01 0.00000000E+00
2.99996977E-01 0.00000000E+00
2.99999108E-01 0.00000000E+00
2.99999761E-01 0.00000000E+00
2.99999942E-01 0.00000000E+00
2.99999987E-01 0.00000000E+00
2.99999993E-01 0.00000000E+00
2.99999984E-01 0.00000000E+00
2.99999932E-01 0.00000000E+00
2.99999733E-01 0.00000000E+00
2.99999050E-01 0.00000000E+00
2.99996933E-01 0.00000000E+00
2.99991022E-01 0.00000000E+00
2.99976160E-01 0.00000000E+00
2.99942586E-01 0.00000000E+00
2.99874597E-01 0.00000000E+00
2.99751579E-01 0.00000000E+00
2.99553668E-01 0.00000000E+00
2.99272697E-01 0.00000000E+00
2.98925116E-01 0.00000000E+00
2.98559224E-01 0.00000000E+00
2.98248462E-01 0.00000000E+00
2.98068783E-01 0.00000000E+00
2.98068783E-01 0.00000000E+00
2.98248462E-01 0.00000000E+00
2.98559224E-01 0.00000000E+00
2.98925116E-01 0.00000000E+00
2.99272697E-01 0.00000000E+00
2.99553668E-01 0.00000000E+00
2.99751579E-01 0.00000000E+00
2.99874597E-01 0.00000000E+00
2.99942586E-01 0.00000000E+00
2.99976160E-01 0.00000000E+00
2.99991022E-01 0.00000000E+00
2.99996933E-01 0.00000000E+00
2.99999050E-01 0.00000000E+00
2.99999733E-01 0.00000000E+00
2.99999932E-01 0.00000000E+00
2.99999984E-01 0.00000000E+00
2.99999993E-01 0.00000000E+00
2.99999996E-01 0.00000000E+00
2.99999982E-01 0.00000000E+00
2.99999925E-01 0.00000000E+00
2.99999720E-01 0.00000000E+00
2.99999050E-01 0.00000000E+00
2.99997079E-01 0.00000000E+00
2.99991856E-01 0.00000000E+00
2.99979405E-01 0.00000000E+00
2.99952766E-01 0.00000000E+00
2.99901747E-01 0.00000000E+00
2.99814639E-01 0.00000000E+00
2.99682837E-01 0.00000000E+00
2.99507808E-01 0.00000000E+00
2.99307252E-01 0.00000000E+00
2.99115691E-01 0.00000000E+00
2.98976185E-01 0.00000000E+00
2.98924954E-01 0.00000000E+00
2.98976185E-01 0.00000000E+00
2.99115691E-01 0.00000000E+00
2.99307252E-01 0.00000000E+00
2.99507808E-01 0.00000000E+00
2.99682837E-01 0.00000000E+00
2.99814639E-01 0.00000000E+00
2.99901747E-01 0.00000000E+00
2.99952766E-01 0.00000000E+00
2.99979405E-01 0.00000000E+00
2.99991856E-01 0.00000000E+00
2.99997079E-01 0.00000000E+00
2.99999050E-01 0.00000000E+00
2.99999720E-01 0.00000000E+00
2.99999925E-01 0.00000000E+00
2.99999982E-01 0.00000000E+00
2.99999996E-01 0.00000000E+00
2.99999998E-01 0.00000000E+00
2.99999995E-01 0.00000000E+00
2.99999980E-01 0.00000000E+00
2.99999922E-01 0.00000000E+00
2.99999724E-01 0.00000000E+00
2.99999108E-01 0.00000000E+00
2.99997388E-01 0.00000000E+00
2.99993063E-01 0.00000000E+00
2.99983295E-01 0.00000000E+00
2.99963513E-01 0.00000000E+00
2.99927719E-01 0.00000000E+00
2.99870135E-01 0.00000000E+00
2.99788384E-01 0.00000000E+00
2.99687251E-01 0.00000000E+00
2.99580791E-01 0.00000000E+00
2.99490372E-01 0.00000000E+00
2.99438092E-01 0.00000000E+00
2.99438092E-01 0.00000000E+00
2.99490372E-01 0.00000000E+00
2.99580791E-01 0.00000000E+00
2.99687251E-01 0.00000000E+00
2.99788384E-01 0.00000000E+00
2.99870135E-01 0.00000000E+00
2.99927719E-01 0.00000000E+00
2.99963513E-01 0.00000000E+00
2.99983295E-01 0.00000000E+00
2.99993063E-01 0.00000000E+00
2.99997388E-01 0.00000000E+00
2.99999108E-01 0.00000000E+00
2.99999724E-01 0.00000000E+00
2.99999922E-01 0.00000000E+00
2.99999980E-01 0.00000000E+00
2.99999995E-01 0.00000000E+00
2.99999998E-01 0.00000000E+00
2.99999999E-01 0.00000000E+00
2.99999995E-01 0.00000000E+00
2.99999980E-01 0.00000000E+00
2.99999924E-01 0.00000000E+00
2.99999744E-01 0.00000000E+00
2.99999213E-01 0.00000000E+00
2.99997806E-01 0.00000000E+00
2.99994453E-01 0.00000000E+00
2.99987277E-01 0.00000000E+00
2.99973535E-01 0.00000000E+00
2.99950072E-01 0.00000000E+00
2.99914571E-01 0.00000000E+00
2.99867426E-01 0.00000000E+00
2.99813406E-01 0.00000000E+00
2.99761808E-01 0.00000000E+00
2.99724231E-01 0.00000000E+00
2.99710432E-01 0.00000000E+00
2.99724231E-01 0.00000000E+00
2.99761808E-01 0.00000000E+00
2.99813406E-01 0.00000000E+00
2.99867426E-01 0.00000000E+00
2.99914571E-01 0.00000000E+00
2.99950072E-01 0.00000000E+00
2.99973535E-01 0.00000000E+00
2.99987277E-01 0.00000000E+00
2.99994453E-01 0.00000000E+00
2.99997806E-01 0.00000000E+00
2.99999213E-01 0.00000000E+00
2.99999744E-01 0.00000000E+00
2.99999924E-01 0.00000000E+00
2.99999980E-01 0.00000000E+00
2.99999995E-01 0.00000000E+00
2.99999999E-01 0.00000000E+00
2.99999999E-01 0.00000000E+00
2.99999999E-01 0.00000000E+00
2.99999995E-01 0.00000000E+00
2.99999981E-01 0.00000000E+00
2.99999931E-01 0.00000000E+00
2.99999778E-01 0.00000000E+00
2.99999349E-01 0.00000000E+00
2.99998270E-01 0.00000000E+00
2.99995835E-01 0.00000000E+00
2.99990902E-01 0.00000000E+00
2.99981977E-01 0.00000000E+00
2.99967618E-01 0.00000000E+00
2.99947233E-01 0.00000000E+00
2.99922015E-01 0.00000000E+00
2.99895469E-01 0.00000000E+00
2.99872923E-01 0.00000000E+00
2.99859887E-01 0.00000000E+00
2.99859887E-01 0.00000000E+00
2.99872923E-01 0.00000000E+00
2.99895469E-01 0.00000000E+00
2.99922015E-01 0.00000000E+00
2.99947233E-01 0.00000000E+00
2.99967618E-01 0.00000000E+00
2.99981977E-01 0.00000000E+00
2.99990902E-01 0.00000000E+00
2.99995835E-01 0.00000000E+00
2.99998270E-01 0.00000000E+00
2.99999349E-01 0.00000000E+00
2.99999778E-01 0.00000000E+00
2.99999931E-01 0.00000000E+00
2.99999981E-01 0.00000000E+00
2.99999995E-01 0.00000000E+00
2.99999999E-01 0.00000000E+00
2.99999999E-01 0.00000000E+00
3.00000000E-01 0.00000000E+00
2.99999999E-01 0.00000000E+00
2.99999995E-01 0.00000000E+00
2.99999983E-01 0.00000000E+00
2.99999941E-01 0.00000000E+00
2.99999818E-01 0.00000000E+00
2.99999494E-01 0.00000000E+00
2.99998719E-01 0.00000000E+00
2.99997063E-01 0.00000000E+00
2.99993891E-01 0.00000000E+00
2.99988475E-01 0.00000000E+00
2.99980280E-01 0.00000000E+00
2.99969397E-01 0.00000000E+00
2.99956927E-01 0.00000000E+00
2.99945017E-01 0.00000000E+00
2.99936343E-01 0.00000000E+00
2.99933157E-01 0.00000000E+00
2.99936343E-01 0.00000000E+00
2.99945017E-01 0.00000000E+00
2.99956927E-01 0.00000000E+00
2.99969397E-01 0.00000000E+00
2.99980280E-01 0.00000000E+00
2.99988475E-01 0.00000000E+00
2.99993891E-01 0.00000000E+00
2.99997063E-01 0.00000000E+00
2.99998719E-01 0.00000000E+00
2.99999494E-01 0.00000000E+00
2.99999818E-01 0.00000000E+00
2.99999941E-01 0.00000000E+00
2.99999983E-01 0.00000000E+00
2.99999995E-01 0.00000000E+00
2.99999999E-01 0.00000000E+00
3.00000000E-01 0.00000000E+00
3.00000000E-01 0.00000000E+00
3.00000000E-01 0.00000000E+00
2.99999999E-01 0.00000000E+00
2.99999996E-01 0.00000000E+00
2.99999985E-01 0.00000000E+00
2.99999952E-01 0.00000000E+00
2.99999861E-01 0.00000000E+00
2.99999630E-01 0.00000000E+00
2.99999110E-01 0.00000000E+00
2.99998056E-01 0.00000000E+00
2.99996149E-01 0.00000000E+00
2.99993080E-01 0.00000000E+00
2.99988724E-01 0.00000000E+00
2.99983335E-01 0.00000000E+00
2.99977662E-01 0.00000000E+00
2.99972844E-01 0.00000000E+00
2.99970059E-01 0.00000000E+00
2.99970059E-01 0.00000000E+00
2.99972844E-01 0.00000000E+00
2.99977662E-01 0.00000000E+00
2.99983335E-01 0.00000000E+00
2.99988724E-01 0.00000000E+00
2.99993080E-01 0.00000000E+00
2.99996149E-01 0.00000000E+00
2.99998056E-01 0.00000000E+00
2.99999110E-01 0.00000000E+00
2.99999630E-01 0.00000000E+00
2.99999861E-01 0.00000000E+00
2.99999952E-01 0.00000000E+00
2.99999985E-01 0.00000000E+00
2.99999996E-01 0.00000000E+00
2.99999999E-01 0.00000000E+00
3.00000000E-01 0.00000000E+00
3.00000000E-01 0.00000000E+00
3.00000000E-01 0.00000000E+00
3.00000000E-01 0.00000000E+00
2.99999999E-01 0.00000000E+00
2.99999997E-01 0.00000000E+00
2.99999988E-01 0.00000000E+00
2.99999964E-01 0.00000000E+00
2.99999900E-01 0.00000000E+00
2.99999747E-01 0.00000000E+00
2.99999419E-01 0.00000000E+00
2.99998791E-01 0.00000000E+00
2.99997720E-01 0.00000000E+00
2.99996099E-01 0.00000000E+00
2.99993946E-01 0.00000000E+00
2.99991479E-01 0.00000000E+00
2.99989123E-01 0.00000000E+00
2.99987407E-01 0.00000000E+00
2.99986777E-01 0.00000000E+00
2.99987407E-01 0.00000000E+00
2.99989123E-01 0.00000000E+00
2.99991479E-01 0.00000000E+00
2.99993946E-01 0.00000000E+00
2.99996099E-01 0.00000000E+00
2.99997720E-01 0.00000000E+00
2.99998791E-01 0.00000000E+00
2.99999419E-01 0.00000000E+00
2.99999747E-01 0.00000000E+00
2.99999900E-01 0.00000000E+00
2.99999964E-01 0.00000000E+00
2.99999988E-01 0.00000000E+00
2.99999997E-01 0.00000000E+00
2.99999999E-01 0.00000000E+00
3.00000000E-01 0.00000000E+00
3.00000000E-01 0.00000000E+00
3.00000000E-01 0.00000000E+00
3.00000000E-01 0.00000000E+00
3.00000000E-01 0.00000000E+00
2.99999999E-01 0.00000000E+00
2.99999997E-01 0.00000000E+00
2.99999991E-01 0.00000000E+00
2.99999975E-01 0.00000000E+00
2.99999932E-01 0.00000000E+00
2.99999837E-01 0.00000000E+00
2.99999644E-01 0.00000000E+00
2.99999295E-01 0.00000000E+00
2.99998733E-01 0.00000000E+00
2.99997935E-01 0.00000000E+00
2.99996948E-01 0.00000000E+00
2.99995909E-01 0.00000000E+00
2.99995027E-01 0.00000000E+00
2.99994517E-01 0.00000000E+00
2.99994517E-01 0.00000000E+00
2.99995027E-01 0.00000000E+00
2.99995909E-01 0.00000000E+00
2.99996948E-01 0.00000000E+00
2.99997935E-01 0.00000000E+00
2.99998733E-01 0.00000000E+00
2.99999295E-01 0.00000000E+00
2.99999644E-01 0.00000000E+00
2.99999837E-01 0.00000000E+00
2.99999932E-01 0.00000000E+00
2.99999975E-01 0.00000000E+00
2.99999991E-01 0.00000000E+00
2.99999997E-01 0.00000000E+00
2.99999999E-01 0.00000000E+00
3.00000000E-01 0.00000000E+00
3.00000000E-01 0.00000000E+00
3.00000000E-01 0.00000000E+00
3.00000000E-01 0.00000000E+00
3.00000000E-01 0.00000000E+00
3.00000000E-01 0.00000000E+00
2.99999999E-01 0.00000000E+00
2.99999998E-01 0.00000000E+00
2.99999994E-01 0.00000000E+00
2.99999983E-01 0.00000000E+00
2.99999957E-01 0.00000000E+00
2.99999902E-01 0.00000000E+00
2.99999795E-01 0.00000000E+00
2.99999613E-01 0.00000000E+00
2.99999339E-01 0.00000000E+00
2.99998974E-01 0.00000000E+00
2.99998555E-01 0.00000000E+00
2.99998156E-01 0.00000000E+00
2.99997865E-01 0.00000000E+00
2.99997758E-01 0.00000000E+00
2.99997865E-01 0.00000000E+00
2.99998156E-01 0.00000000E+00
2.99998555E-01 0.00000000E+00
2.99998974E-01 0.00000000E+00
2.99999339E-01 0.00000000E+00
2.99999613E-01 0.00000000E+00
2.99999795E-01 0.00000000E+00
2.99999902E-01 0.00000000E+00
2.99999957E-01 0.00000000E+00
2.99999983E-01 0.00000000E+00
2.99999994E-01 0.00000000E+00
2.99999998E-01 0.00000000E+00
2.99999999E-01 0.00000000E+00
3.00000000E-01 0.00000000E+00
3.00000000E-01 0.00000000E+00
3.00000000E-01 0.00000000E+00
3.00000000E-01 0.00000000E+00
3.00000000E-01 0.00000000E+00
3.00000000E-01 0.00000000E+00
3.00000000E-01 0.00000000E+00
3.00000000E-01 0.00000000E+00
2.99999999E-01 0.00000000E+00
2.99999996E-01 0.00000000E+00
2.99999989E-01 0.00000000E+00
2.99999974E-01 0.00000000E+00
2.99999944E-01 0.00000000E+00
2.99999889E-01 0.00000000E+00
2.99999801E-01 0.00000000E+00
2.99999676E-01 0.00000000E+00
2.99999521E-01 0.00000000E+00
2.99999358E-01 0.00000000E+00
2.99999219E-01 0.00000000E+00
2.99999139E-01 0.00000000E+00
2.99999139E-01 0.00000000E+00
2.99999219E-01 0.00000000E+00
2.99999358E-01 0.00000000E+00
2.99999521E-01 0.00000000E+00
2.99999676E-01 0.00000000E+00
2.99999801E-01 0.00000000E+00
2.99999889E-01 0.00000000E+00
2.99999944E-01 0.00000000E+00
2.99999974E-01 0.00000000E+00
2.99999989E-01 0.00000000E+00
2.99999996E-01 0.00000000E+00
2.99999999E-01 0.00000000E+00
3.00000000E-01 0.00000000E+00
3.00000000E-01 0.00000000E+00
3.00000000E-01 0.00000000E+00
3.00000000E-01 0.00000000E+00
3.00000000E-01 0.00000000E+00
3.00000000E-01 0.00000000E+00
3.00000000E-01 0.00000000E+00
3.00000000E-01 0.00000000E+00
3.00000000E-01 0.00000000E+00
3.00000000E-01 0.00000000E+00
2.99999999E-01 0.00000000E+00
2.99999998E-01 0.00000000E+00
2.99999994E-01 0.00000000E+00
2.99999986E-01 0.00000000E+00
2.99999970E-01 0.00000000E+00
2.99999944E-01 0.00000000E+00
2.99999904E-01 0.00000000E+00
2.99999851E-01 0.00000000E+00
2.99999790E-01 0.00000000E+00
2.99999732E-01 0.00000000E+00
2.99999690E-01 0.00000000E+00
2.99999674E-01 0.00000000E+00
2.99999690E-01 0.00000000E+00
2.99999732E-01 0.00000000E+00
2.99999790E-01 0.00000000E+00
2.99999851E-01 0.00000000E+00
2.99999904E-01 0.00000000E+00
2.99999944E-01 0.00000000E+00
2.99999970E-01 0.00000000E+00
2.99999986E-01 0.00000000E+00
2.99999994E-01 0.00000000E+00
2.99999998E-01 0.00000000E+00
2.99999999E-01 0.00000000E+00
3.00000000E-01 0.00000000E+00
3.00000000E-01 0.00000000E+00
3.00000000E-01 0.00000000E+00
3.00000000E-01 0.00000000E+00
3.00000000E-01 0.00000000E+00
3.00000000E-01 0.00000000E+00
3.00000000E-01 0.00000000E+00
3.00000000E-01 0.00000000E+00
3.00000000E-01 0.00000000E+00
3.00000000E-01 0.00000000E+00
3.00000000E-01 0.00000000E+00
2.99999999E-01 0.00000000E+00
2.99999999E-01 0.00000000E+00
2.99999997E-01 0.00000000E+00
2.99999992E-01 0.00000000E+00
2.99999985E-01 0.00000000E+00
2.99999973E-01 0.00000000E+00
2.99999956E-01 0.00000000E+00
2.99999936E-01 0.00000000E+00
2.99999914E-01 0.00000000E+00
2.99999895E-01 0.00000000E+00
2.99999884E-01 0.00000000E+00
2.99999884E-01 0.00000000E+00
2.99999895E-01 0.00000000E+00
2.99999914E-01 0.00000000E+00
2.99999936E-01 0.00000000E+00
2.99999956E-01 0.00000000E+00
2.99999973E-01 0.00000000E+00
2.99999985E-01 0.00000000E+00
2.99999992E-01 0.00000000E+00
2.99999997E-01 0.00000000E+00
2.99999999E-01 0.00000000E+00
2.99999999E-01 0.00000000E+00
3.00000000E-01 0.00000000E+00
3.00000000E-01 0.00000000E+00
3.00000000E-01 0.00000000E+00
3.00000000E-01 0.00000000E+00
3.00000000E-01 0.00000000E+00
3.00000000E-01 0.00000000E+00
3.00000000E-01 0.00000000E+00
3.00000000E-01 0.00000000E+00
3.00000000E-01 0.00000000E+00
3.00000000E-01 0.00000000E+00
3.00000000E-01 0.00000000E+00
3.00000000E-01 0.00000000E+00
3.00000000E-01 0.00000000E+00
2.99999999E-01 0.00000000E+00
2.99999998E-01 0.00000000E+00
2.99999996E-01 0.00000000E+00
2.99999993E-01 0.00000000E+00
2.99999988E-01 0.00000000E+00
2.99999981E-01 0.00000000E+00
2.99999974E-01 0.00000000E+00
2.99999967E-01 0.00000000E+00
2.99999961E-01 0.00000000E+00
2.99999959E-01 0.00000000E+00
2.99999961E-01 0.00000000E+00
2.99999967E-01 0.00000000E+00
2.99999974E-01 0.00000000E+00
2.99999981E-01 0.00000000E+00
2.99999988E-01 0.00000000E+00
2.99999993E-01 0.00000000E+00
2.99999996E-01 0.00000000E+00
2.99999998E-01 0.00000000E+00
2.99999999E-01 0.00000000E+00
3.00000000E-01 0.00000000E+00
3.00000000E-01 0.00000000E+00
3.00000000E-01 0.00000000E+00
3.00000000E-01 0.00000000E+00
3.00000000E-01 0.00000000E+00
3.00000000E-01 0.00000000E+00
3.00000000E-01 0.00000000E+00
3.00000000E-01 0.00000000E+00
3.00000000E-01 0.00000000E+00
3.00000000E-01 0.00000000E+00
3.00000000E-01 0.00000000E+00
3.00000000E-01 0.00000000E+00
3.00000000E-01 0.00000000E+00
3.00000000E-01 0.00000000E+00
3.00000000E-01 0.00000000E+00
3.00000000E-01 0.00000000E+00
2.99999999E-01 0.00000000E+00
2.99999998E-01 0.00000000E+00
2.99999997E-01 0.00000000E+00
2.99999995E-01 0.00000000E+00
2.99999993E-01 0.00000000E+00
2.99999990E-01 0.00000000E+00
2.99999988E-01 0.00000000E+00
2.99999987E-01 0.00000000E+00
2.99999987E-01 0.00000000E+00
2.99999988E-01 0.00000000E+00
2.99999990E-01 0.00000000E+00
2.99999993E-01 0.00000000E+00
2.99999995E-01 0.00000000E+00
2.99999997E-01 0.00000000E+00
2.99999998E-01 0.00000000E+00
2.99999999E-01 0.00000000E+00
3.00000000E-01 0.00000000E+00
3.00000000E-01 0.00000000E+00
3.00000000E-01 0.00000000E+00
3.00000000E-01 0.00000000E+00
3.00000000E-01 0.00000000E+00
3.00000000E-01 0.00000000E+00
3.00000000E-01 0.00000000E+00
3.00000000E-01 0.00000000E+00
3.00000000E-01 0.00000000E+00
3.00000000E-01 0.00000000E+00
3.00000000E-01 0.00000000E+00
3.00000000E-01 0.00000000E+00
3.00000000E-01 0.00000000E+00
3.00000000E-01 0.00000000E+00
3.00000000E-01 0.00000000E+00
3.00000000E-01 0.00000000E+00
3.00000000E-01 0.00000000E+00
3.00000000E-01 0.00000000E+00
3.00000000E-01 0.00000000E+00
2.99999999E-01 0.00000000E+00
2.99999999E-01 0.00000000E+00
2.99999998E-01 0.00000000E+00
2.99999997E-01 0.00000000E+00
2.99999996E-01 0.00000000E+00
2.99999996E-01 0.00000000E+00
2.99999996E-01 0.00000000E+00
2.99999996E-01 0.00000000E+00
2.99999996E-01 0.00000000E+00
2.99999997E-01 0.00000000E+00
2.99999998E-01 0.00000000E+00
2.99999999E-01 0.00000000E+00
2.99999999E-01 0.00000000E+00
3.00000000E-01 0.00000000E+00
3.00000000E-01 0.00000000E+00
3.00000000E-01 0.00000000E+00
3.00000000E-01 0.00000000E+00
3.00000000E-01 0.00000000E+00
3.00000000E-01 0.00000000E+00
3.00000000E-01 0.00000000E+00
3.00000000E-01 0.00000000E+00
3.00000000E-01 0.00000000E+00
3.00000000E-01 0.00000000E+00
3.00000000E-01 0.00000000E+00
3.00000000E-01 0.00000000E+00
3.00000000E-01 0.00000000E+00
3.00000000E-01 0.00000000E+00
3.00000000E-01 0.00000000E+00
3.00000000E-01 0.00000000E+00
3.00000000E-01 0.00000000E+00
3.00000000E-01 0.00000000E+00
3.00000000E-01 0.00000000E+00
3.00000000E-01 0.00000000E+00
3.00000000E-01 0.00000000E+00
3.00000000E-01 0.00000000E+00
3.00000000E-01 0.00000000E+00
2.99999999E-01 0.00000000E+00
2.99999999E-01 0.00000000E+00
2.99999999E-01 0.00000000E+00
2.99999999E-01 0.00000000E+00
2.99999999E-01 0.00000000E+00
2.99999999E-01 0.00000000E+00
2.99999999E-01 0.00000000E+00
2.99999999E-01 0.00000000E+00
3.00000000E-01 0.00000000E+00
3.00000000E-01 0.00000000E+00
3.00000000E-01 0.00000000E+00
3.00000000E-01 0.00000000E+00
3.00000000E-01 0.00000000E+00
3.00000000E-01 0.00000000E+00
3.00000000E-01 0.00000000E+00
3.00000000E-01 0.00000000E+00
3.00000000E-01 0.00000000E+00
3.00000000E-01 0.00000000E+00
3.00000000E-01 0.00000000E+00
3.00000000E-01 0.00000000E+00
3.00000000E-01 0.00000000E+00
3.00000000E-01 0.00000000E+00
3.00000000E-01 0.00000000E+00
3.00000000E-01 0.00000000E+00
3.00000000E-01 0.00000000E+00
3.00000000E-01 0.00000000E+00
3.00000000E-01 0.00000000E+00
3.00000000E-01 0.00000000E+00
3.00000000E-01 0.00000000E+00
3.00000000E-01 0.00000000E+00
3.00000000E-01 0.00000000E+00
3.00000000E-01 0.00000000E+00
3.00000000E-01 0.00000000E+00
3.00000000E-01 0.00000000E+00
3.00000000E-01 0.00000000E+00
3.00000000E-01 0.00000000E+00
3.00000000E-01 0.00000000E+00
3.00000000E-01 0.00000000E+00
3.00000000E-01 0.00000000E+00
3.00000000E-01 0.00000000E+00
3.00000000E-01 0.00000000E+00
3.00000000E-01 0.00000000E+00
3.00000000E-01 0.00000000E+00
3.00000000E-01 0.00000000E+00
3.00000000E-01 0.00000000E+00
3.00000000E-01 0.00000000E+00
3.00000000E-01 0.00000000E+00
3.00000000E-01 0.00000000E+00
3.00000000E-01 0.00000000E+00
3.00000000E-01 0.00000000E+00
3.00000000E-01 0.00000000E+00
3.00000000E-01 0.00000000E+00
3.00000000E-01 0.00000000E+00
3.00000000E-01 0.00000000E+00
3.00000000E-01 0.00000000E+00
3.00000000E-01 0.00000000E+00
3.00000000E-01 0.00000000E+00
3.00000000E-01 0.00000000E+00
3.00000000E-01 0.00000000E+00
3.00000000E-01 0.00000000E+00
3.00000000E-01 0.00000000E+00
3.00000000E-01 0.00000000E+00
3.00000000E-01 0.00000000E+00
3.00000000E-01 0.00000000E+00
3.00000000E-01 0.00000000E+00
3.00000000E-01 0.00000000E+00
3.00000000E-01 0.00000000E+00
3.00000000E-01 0.00000000E+00
3.00000000E-01 0.00000000E+00
3.00000000E-01 0.00000000E+00
3.00000000E-01 0.00000000E+00
3.00000000E-01 0.00000000E+00
3.00000000E-01 0.00000000E+00
3.00000000E-01 0.00000000E+00
3.00000000E-01 0.00000000E+00
3.00000000E-01 0.00000000E+00
3.00000000E-01 0.00000000E+00
3.00000000E-01 0.00000000E+00
3.00000000E-01 0.00000000E+00
3.00000000E-01 0.00000000E+00
3.00000000E-01 0.00000000E+00
3.00000000E-01 0.00000000E+00
3.00000000E-01 0.00000000E+00
3.00000000E-01 0.00000000E+00
3.00000000E-01 0.00000000E+00
3.00000000E-01 0.00000000E+00
3.00000000E-01 0.00000000E+00
3.00000000E-01 0.00000000E+00
3.00000000E-01 0.00000000E+00
3.00000000E-01 0.00000000E+00
3.00000000E-01 0.00000000E+00
3.00000000E-01 0.00000000E+00
3.00000000E-01 0.00000000E+00
3.00000000E-01 0.00000000E+00
3.00000000E-01 0.00000000E+00
3.00000000E-01 0.00000000E+00
3.00000000E-01 0.00000000E+00
3.00000000E-01 0.00000000E+00
3.00000000E-01 0.00000000E+00
3.00000000E-01 0.00000000E+00
3.00000000E-01 0.00000000E+00
3.00000000E-01 0.00000000E+00
3.00000000E-01 0.00000000E+00
3.00000000E-01 0.00000000E+00
3.00000000E-01 0.00000000E+00
3.00000000E-01 0.00000000E+00
3.00000000E-01 0.00000000E+00
3.00000000E-01 0.00000000E+00
3.00000000E-01 0.00000000E+00
3.00000000E-01 0.00000000E+00
3.00000000E-01 0.00000000E+00
3.00000000E-01 0.00000000E+00
3.00000000E-01 0.00000000E+00
3.00000000E-01 0.00000000E+00
3.00000000E-01 0.00000000E+00
3.00000000E-01 0.00000000E+00
3.00000000E-01 0.00000000E+00
3.00000000E-01 0.00000000E+00
3.00000000E-01 0.00000000E+00
3.00000000E-01 0.00000000E+00
3.00000000E-01 0.00000000E+00
3.00000000E-01 0.00000000E+00
3.00000000E-01 0.00000000E+00
3.00000000E-01 0.00000000E+00
3.00000000E-01 0.00000000E+00
3.00000000E-01 0.00000000E+00
3.00000000E-01 0.00000000E+00
3.00000000E-01 0.00000000E+00
3.00000000E-01 0.00000000E+00
3.00000000E-01 0.00000000E+00
3.00000000E-01 0.00000000E+00
3.00000000E-01 0.00000000E+00
3.00000000E-01 0.00000000E+00
3.00000000E-01 0.00000000E+00
3.00000000E-01 0.00000000E+00
3.00000000E-01 0.00000000E+00
3.00000000E-01 0.00000000E+00
3.00000000E-01 0.00000000E+00
3.00000000E-01 0.00000000E+00
3.00000000E-01 0.00000000E+00
3.00000000E-01 0.00000000E+00
3.00000000E-01 0.00000000E+00
3.00000000E-01 0.00000000E+00
3.00000000E-01 0.00000000E+00
3.00000000E-01 0.00000000E+00
3.00000000E-01 0.00000000E+00
3.00000000E-01 0.00000000E+00
3.00000000E-01 0.00000000E+00
3.00000000E-01 0.00000000E+00
3.00000000E-01 0.00000000E+00
3.00000000E-01 0.00000000E+00
3.00000000E-01 0.00000000E+00
3.00000000E-01 0.00000000E+00
3.00000000E-01 0.00000000E+00
3.00000000E-01 0.00000000E+00
3.00000000E-01 0.00000000E+00
3.00000000E-01 0.00000000E+00
3.00000000E-01 0.00000000E+00
3.00000000E-01 0.00000000E+00
3.00000000E-01 0.00000000E+00
3.00000000E-01 0.00000000E+00
3.00000000E-01 0.00000000E+00
3.00000000E-01 0.00000000E+00
3.00000000E-01 0.00000000E+00
3.00000000E-01 0.00000000E+00
3.00000000E-01 0.00000000E+00
3.00000000E-01 0.00000000E+00
3.00000000E-01 0.00000000E+00
3.00000000E-01 0.00000000E+00
3.00000000E-01 0.00000000E+00
3.00000000E-01 0.00000000E+00
3.00000000E-01 0.00000000E+00
3.00000000E-01 0.00000000E+00
3.00000000E-01 0.00000000E+00
3.00000000E-01 0.00000000E+00
3.00000000E-01 0.00000000E+00
3.00000000E-01 0.00000000E+00
3.00000000E-01 0.00000000E+00
3.00000000E-01 0.00000000E+00
3.00000000E-01 0.00000000E+00
3.00000000E-01 0.00000000E+00
3.00000000E-01 0.00000000E+00
3.00000000E-01 0.00000000E+00
3.00000000E-01 0.00000000E+00
3.00000000E-01 0.00000000E+00
3.00000000E-01 0.00000000E+00
3.00000000E-01 0.00000000E+00
3.00000000E-01 0.00000000E+00
3.00000000E-01 0.00000000E+00
3.00000000E-01 0.00000000E+00
3.00000000E-01 0.00000000E+00
3.00000000E-01 0.00000000E+00
3.00000000E-01 0.00000000E+00
3.00000000E-01 0.00000000E+00
3.00000000E-01 0.00000000E+00
3.00000000E-01 0.00000000E+00
3.00000000E-01 0.00000000E+00
3.00000000E-01 0.00000000E+00
3.00000000E-01 0.00000000E+00
3.00000000E-01 0.00000000E+00
3.00000000E-01 0.00000000E+00
3.00000000E-01 0.00000000E+00
3.00000000E-01 0.00000000E+00
3.00000000E-01 0.00000000E+00
3.00000000E-01 0.00000000E+00
3.00000000E-01 0.00000000E+00
3.00000000E-01 0.00000000E+00
3.00000000E-01 0.00000000E+00
3.00000000E-01 0.00000000E+00
3.00000000E-01 0.00000000E+00
3.00000000E-01 0.00000000E+00
3.00000000E-01 0.00000000E+00
3.00000000E-01 0.00000000E+00
3.00000000E-01 0.00000000E+00
3.00000000E-01 0.00000000E+00
3.00000000E-01 0.00000000E+00
3.00000000E-01 0.00000000E+00
3.00000000E-01 0.00000000E+00
3.00000000E-01 0.00000000E+00
3.00000000E-01 0.00000000E+00
3.00000000E-01 0.00000000E+00
3.00000000E-01 0.00000000E+00
3.00000000E-01 0.00000000E+00
3.00000000E-01 0.00000000E+00
3.00000000E-01 0.00000000E+00
3.00000000E-01 0.00000000E+00
3.00000000E-01 0.00000000E+00
3.00000000E-01 0.00000000E+00
3.00000000E-01 0.00000000E+00
3.00000000E-01 0.00000000E+00
3.00000000E-01 0.00000000E+00
3.00000000E-01 0.00000000E+00
3.00000000E-01 0.00000000E+00
3.00000000E-01 0.00000000E+00
3.00000000E-01 0.00000000E+00
3.00000000E-01 0.00000000E+00
3.00000000E-01 0.00000000E+00
3.00000000E-01 0.00000000E+00
3.00000000E-01 0.00000000E+00
3.00000000E-01 0.00000000E+00
3.00000000E-01 0.00000000E+00
3.00000000E-01 0.00000000E+00
3.00000000E-01 0.00000000E+00
3.00000000E-01 0.00000000E+00
3.00000000E-01 0.00000000E+00
3.00000000E-01 0.00000000E+00
3.00000000E-01 0.00000000E+00
3.00000000E-01 0.00000000E+00
3.00000000E-01 0.00000000E+00
3.00000000E-01 0.00000000E+00
3.00000000E-01 0.00000000E+00
3.00000000E-01 0.00000000E+00
3.00000000E-01 0.00000000E+00
3.00000000E-01 0.00000000E+00
3.00000000E-01 0.00000000E+00
3.00000000E-01 0.00000000E+00
3.00000000E-01 0.00000000E+00
3.00000000E-01 0.00000000E+00
3.00000000E-01 0.00000000E+00
3.00000000E-01 0.00000000E+00
3.00000000E-01 0.00000000E+00
3.00000000E-01 0.00000000E+00
3.00000000E-01 0.00000000E+00
3.00000000E-01 0.00000000E+00
3.00000000E-01 0.00000000E+00
3.00000000E-01 0.00000000E+00
3.00000000E-01 0.00000000E+00
3.00000000E-01 0.00000000E+00
2.99999999E-01 0.00000000E+00
2.99999999E-01 0.00000000E+00
2.99999997E-01 0.00000000E+00
2.99999996E-01 0.00000000E+00
2.99999991E-01 0.00000000E+00
2.99999988E-01 0.00000000E+00
2.99999973E-01 0.00000000E+00
2.99999966E-01 0.00000000E+00
2.99999931E-01 0.00000000E+00
2.99999916E-01 0.00000000E+00
2.99999850E-01 0.00000000E+00
2.99999822E-01 0.00000000E+00
2.99999717E-01 0.00000000E+00
2.99999678E-01 0.00000000E+00
2.99999544E-01 0.00000000E+00
2.99999500E-01 0.00000000E+00
2.99999369E-01 0.00000000E+00
2.99999333E-01 0.00000000E+00
2.99999250E-01 0.00000000E+00
2.99999237E-01 0.00000000E+00
2.99999237E-01 0.00000000E+00
2.99999250E-01 0.00000000E+00
2.99999333E-01 0.00000000E+00
2.99999369E-01 0.00000000E+00
2.99999500E-01 0.00000000E+00
2.99999544E-01 0.00000000E+00
2.99999678E-01 0.00000000E+00
2.99999717E-01 0.00000000E+00
2.99999822E-01 0.00000000E+00
2.99999850E-01 0.00000000E+00
2.99999916E-01 0.00000000E+00
2.99999931E-01 0.00000000E+00
2.99999966E-01 0.00000000E+00
2.99999973E-01 0.00000000E+00
2.99999988E-01 0.00000000E+00
2.99999991E-01 0.00000000E+00
2.99999996E-01 0.00000000E+00
2.99999997E-01 0.00000000E+00
2.99999999E-01 0.00000000E+00
2.99999999E-01 0.00000000E+00
3.00000000E-01 0.00000000E+00
3.00000000E-01 0.00000000E+00
3.00000000E-01 0.00000000E+00
3.00000000E-01 0.00000000E+00
3.00000000E-01 0.00000000E+00
3.00000000E-01 0.00000000E+00
3.00000000E-01 0.00000000E+00
3.00000000E-01 0.00000000E+00
3.00000000E-01 0.00000000E+00
3.00000000E-01 0.00000000E+00
3.00000000E-01 0.00000000E+00
3.00000000E-01 0.00000000E+00
3.00000000E-01 0.00000000E+00
3.00000000E-01 0.00000000E+00
3.00000000E-01 0.00000000E+00
3.00000000E-01 0.00000000E+00
3.00000000E-01 0.00000000E+00
3.00000000E-01 0.00000000E+00
3.00000000E-01 0.00000000E+00
3.00000000E-01 0.00000000E+00
3.00000000E-01 0.00000000E+00
3.00000000E-01 0.00000000E+00
3.00000000E-01 0.00000000E+00
3.00000000E-01 0.00000000E+00
3.00000000E-01 0.00000000E+00
3.00000000E-01 0.00000000E+00
3.00000000E-01 0.00000000E+00
3.00000000E-01 0.00000000E+00
3.00000000E-01 0.00000000E+00
3.00000000E-01 0.00000000E+00
3.00000000E-01 0.00000000E+00
3.00000000E-01 0.00000000E+00
2.99999999E-01 0.00000000E+00
2.99999999E-01 0.00000000E+00
2.99999997E-01 0.00000000E+00
2.99999996E-01 0.00000000E+00
2.99999991E-01 0.00000000E+00
2.99999988E-01 0.00000000E+00
2.99999973E-01 0.00000000E+00
2.99999966E-01 0.00000000E+00
2.99999931E-01 0.00000000E+00
2.99999916E-01 0.00000000E+00
2.99999850E-01 0.00000000E+00
2.99999822E-01 0.00000000E+00
2.99999717E-01 0.00000000E+00
2.99999678E-01 0.00000000E+00
2.99999544E-01 0.00000000E+00
2.99999500E-01 0.00000000E+00
2.99999369E-01 0.00000000E+00
2.99999333E-01 0.00000000E+00
2.99999250E-01 0.00000000E+00
2.99999237E-01 0.00000000E+00
2.99999237E-01 0.00000000E+00
2.99999250E-01 0.00000000E+00
2.99999333E-01 0.00000000E+00
2.99999369E-01 0.00000000E+00
2.99999500E-01 0.00000000E+00
2.99999544E-01 0.00000000E+00
2.99999678E-01 0.00000000E+00
2.99999717E-01 0.00000000E+00
2.99999822E-01 0.00000000E+00
2.99999850E-01 0.00000000E+00
2.99999916E-01 0.00000000E+00
2.99999931E-01 0.00000000E+00
2.99999966E-01 0.00000000E+00
2.99999973E-01 0.00000000E+00
2.99999988E-01 0.00000000E+00
2.99999991E-01 0.00000000E+00
2.99999996E-01 0.00000000E+00
2.99999997E-01 0.00000000E+00
2.99999999E-01 0.00000000E+00
2.99999999E-01 0.00000000E+00
3.00000000E-01 0.00000000E+00
3.00000000E-01 0.00000000E+00
3.00000000E-01 0.00000000E+00
3.00000000E-01 0.00000000E+00
3.00000000E-01 0.00000000E+00
3.00000000E-01 0.00000000E+00
3.00000000E-01 0.00000000E+00
3.00000000E-01 0.00000000E+00
3.00000000E-01 0.00000000E+00
3.00000000E-01 0.00000000E+00
3.00000000E-01 0.00000000E+00
3.00000000E-01 0.00000000E+00
3.00000000E-01 0.00000000E+00
3.00000000E-01 0.00000000E+00
3.00000000E-01 0.00000000E+00
3.00000000E-01 0.00000000E+00
