# 4888 3
0 33 34
0 34 1
1 34 35
1 35 2
2 35 36
2 36 3
3 36 37
3 37 4
4 37 38
4 38 5
5 38 39
5 39 6
6 39 40
6 40 7
7 40 41
7 41 8
8 41 42
8 42 9
9 42 43
9 43 10
10 43 44
10 44 11
11 44 45
11 45 12
12 45 46
12 46 13
13 46 47
13 47 14
14 47 48
14 48 15
15 48 49
15 49 16
16 49 50
16 50 17
17 50 51
17 51 18
18 51 52
18 52 19
19 52 53
19 53 20
20 53 54
20 54 21
21 54 55
21 55 22
22 55 56
22 56 23
23 56 57
23 57 24
24 57 58
24 58 25
25 58 59
25 59 26
26 59 60
26 60 27
27 60 61
27 61 28
28 61 62
28 62 29
29 62 63
29 63 30
30 63 64
30 64 31
31 64 65
31 65 32
32 65 66
33 67 34
34 67 68
34 68 35
35 68 69
35 69 36
36 69 70
36 70 37
37 70 71
37 71 38
38 71 72
38 72 39
39 72 73
39 73 40
40 73 74
40 74 41
41 74 75
41 75 42
42 75 76
42 76 43
43 76 77
43 77 44
44 77 78
44 78 45
45 78 79
45 79 46
46 79 80
46 80 47
47 80 81
47 81 48
48 81 82
48 82 49
49 82 83
49 83 50
50 83 84
50 84 51
51 84 85
51 85 52
52 85 86
52 86 53
53 86 87
53 87 54
54 87 88
54 88 55
55 88 89
55 89 56
56 89 90
56 90 57
57 90 91
57 91 58
58 91 92
58 92 59
59 92 93
59 93 60
60 93 94
60 94 61
61 94 95
61 95 62
62 95 96
62 96 63
63 96 97
63 97 64
64 97 98
64 98 65
65 98 99
65 99 66
67 100 101
67 101 68
68 101 102
68 102 69
69 102 103
69 103 70
70 103 104
70 104 71
71 104 105
71 105 72
72 105 106
72 106 73
73 106 107
73 107 74
74 107 108
74 108 75
75 108 109
75 109 76
76 109 110
76 110 77
77 110 111
77 111 78
78 111 112
78 112 79
79 112 113
79 113 80
80 113 114
80 114 81
81 114 115
81 115 82
82 115 116
82 116 83
83 116 117
83 117 84
84 117 118
84 118 85
85 118 119
85 119 86
86 119 120
86 120 87
87 120 121
87 121 88
88 121 122
88 122 89
89 122 123
89 123 90
90 123 124
90 124 91
91 124 125
91 125 92
92 125 126
92 126 93
93 126 127
93 127 94
94 127 128
94 128 95
95 128 129
95 129 96
96 129 130
96 130 97
97 130 131
97 131 98
98 131 132
98 132 99
99 132 133
100 134 101
101 134 135
101 135 102
102 135 136
102 136 103
103 136 137
103 137 104
104 137 138
104 138 105
105 138 139
105 139 106
106 139 140
106 140 107
107 140 141
107 141 108
108 141 142
108 142 109
109 142 143
109 143 110
110 143 144
110 144 111
111 144 145
111 145 112
112 145 146
112 146 113
113 146 147
113 147 114
114 147 148
114 148 115
115 148 149
115 149 116
116 149 150
116 150 117
117 150 151
117 151 118
118 151 152
118 152 119
119 152 153
119 153 120
120 153 154
120 154 121
121 154 155
121 155 122
122 155 156
122 156 123
123 156 157
123 157 124
124 157 158
124 158 125
125 158 159
125 159 126
126 159 160
126 160 127
127 160 161
127 161 128
128 161 162
128 162 129
129 162 163
129 163 130
130 163 164
130 164 131
131 164 165
131 165 132
132 165 166
132 166 133
134 167 168
134 168 135
135 168 169
135 169 136
136 169 170
136 170 137
137 170 171
137 171 138
138 171 172
138 172 139
139 172 173
139 173 140
140 173 174
140 174 141
141 174 175
141 175 142
142 175 176
142 176 143
143 176 177
143 177 144
144 177 178
144 178 145
145 178 179
145 179 146
146 179 180
146 180 147
147 180 181
147 181 148
148 181 182
148 182 149
149 182 183
149 183 150
150 183 184
150 184 151
151 184 185
151 185 152
152 185 186
152 186 153
153 186 187
153 187 154
154 187 188
154 188 155
155 188 189
155 189 156
156 189 190
156 190 157
157 190 191
157 191 158
158 191 192
158 192 159
159 192 193
159 193 160
160 193 194
160 194 161
161 194 195
161 195 162
162 195 196
162 196 163
163 196 197
163 197 164
164 197 198
164 198 165
165 198 199
165 199 166
166 199 200
167 201 168
168 201 202
168 202 169
169 202 203
169 203 170
170 203 204
170 204 171
171 204 205
171 205 172
172 205 206
172 206 173
173 206 207
173 207 174
174 207 208
174 208 175
175 208 209
175 209 176
176 209 210
176 210 177
177 210 211
177 211 178
178 211 212
178 212 179
179 212 213
179 213 180
180 213 214
180 214 181
181 214 215
181 215 182
182 215 216
182 216 183
183 216 217
183 217 184
184 217 218
184 218 185
185 218 219
185 219 186
186 219 220
186 220 187
187 220 221
187 221 188
188 221 222
188 222 189
189 222 223
189 223 190
190 223 224
190 224 191
191 224 225
191 225 192
192 225 226
192 226 193
193 226 227
193 227 194
194 227 228
194 228 195
195 228 229
195 229 196
196 229 230
196 230 197
197 230 231
197 231 198
198 231 232
198 232 199
199 232 233
199 233 200
201 234 235
201 235 202
202 235 236
202 236 203
203 236 237
203 237 204
204 237 238
204 238 205
205 238 239
205 239 206
206 239 240
206 240 207
207 240 241
207 241 208
208 241 242
208 242 209
209 242 243
209 243 210
210 243 244
210 244 211
211 244 245
211 245 212
212 245 246
212 246 213
213 246 247
213 247 214
214 247 248
214 248 215
215 248 249
215 249 216
216 249 250
216 250 217
217 250 251
217 251 218
218 251 252
218 252 219
219 252 253
219 253 220
220 253 254
220 254 221
221 254 255
221 255 222
222 255 256
222 256 223
223 256 257
223 257 224
224 257 258
224 258 225
225 258 259
225 259 226
226 259 260
226 260 227
227 260 261
227 261 228
228 261 262
228 262 229
229 262 263
229 263 230
230 263 264
230 264 231
231 264 265
231 265 232
232 265 266
232 266 233
233 266 267
234 268 235
235 268 269
235 269 236
236 269 270
236 270 237
237 270 271
237 271 238
238 271 272
238 272 239
239 272 273
239 273 240
240 273 274
240 274 241
241 274 275
241 275 242
242 275 276
242 276 243
243 276 277
243 277 244
244 277 278
244 278 245
245 278 279
245 279 246
246 279 280
246 280 247
247 280 281
247 281 248
248 281 282
248 282 249
249 282 283
249 283 250
250 283 284
250 284 251
251 284 285
251 285 252
252 285 286
252 286 253
253 286 287
253 287 254
254 287 288
254 288 255
255 288 289
255 289 256
256 289 290
256 290 257
257 290 291
257 291 258
258 291 292
258 292 259
259 292 293
259 293 260
260 293 294
260 294 261
261 294 295
261 295 262
262 295 296
262 296 263
263 296 297
263 297 264
264 297 298
264 298 265
265 298 299
265 299 266
266 299 300
266 300 267
268 301 302
268 302 269
269 302 303
269 303 270
270 303 304
270 304 271
271 304 305
271 305 272
272 305 306
272 306 273
273 306 307
273 307 274
274 307 308
274 308 275
275 308 309
275 309 276
276 309 310
276 310 277
277 310 311
277 311 278
278 311 312
278 312 279
279 312 313
279 313 280
280 313 314
280 314 281
281 314 315
281 315 282
282 315 316
282 316 283
283 316 317
283 317 284
284 317 318
284 318 285
285 318 319
285 319 286
286 319 320
286 320 287
287 320 321
287 321 288
288 321 322
288 322 289
289 322 323
289 323 290
290 323 324
290 324 291
291 324 325
291 325 292
292 325 326
292 326 293
293 326 327
293 327 294
294 327 328
294 328 295
295 328 329
295 329 296
296 329 330
296 330 297
297 330 331
297 331 298
298 331 332
298 332 299
299 332 333
299 333 300
300 333 334
301 335 302
302 335 336
302 336 303
303 336 337
303 337 304
304 337 338
304 338 305
305 338 339
305 339 306
306 339 340
306 340 307
307 340 341
307 341 308
308 341 342
308 342 309
309 342 343
309 343 310
310 343 344
310 344 311
311 344 345
311 345 312
312 345 346
312 346 313
313 346 347
313 347 314
314 347 348
314 348 315
315 348 349
315 349 316
316 349 350
316 350 317
317 350 351
317 351 318
318 351 352
318 352 319
319 352 353
319 353 320
320 353 354
320 354 321
321 354 355
321 355 322
322 355 356
322 356 323
323 356 357
323 357 324
324 357 358
324 358 325
325 358 359
325 359 326
326 359 360
326 360 327
327 360 361
327 361 328
328 361 362
328 362 329
329 362 363
329 363 330
330 363 364
330 364 331
331 364 365
331 365 332
332 365 366
332 366 333
333 366 367
333 367 334
335 368 369
335 369 336
336 369 370
336 370 337
337 370 371
337 371 338
338 371 372
338 372 339
339 372 373
339 373 340
340 373 374
340 374 341
341 374 375
341 375 342
342 375 376
342 376 343
343 376 377
343 377 344
344 377 378
344 378 345
345 378 379
345 379 346
346 379 380
346 380 347
347 380 381
347 381 348
348 381 382
348 382 349
349 382 383
349 383 350
350 383 384
350 384 351
351 384 385
351 385 352
352 385 386
352 386 353
353 386 387
353 387 354
354 387 388
354 388 355
355 388 389
355 389 356
356 389 390
356 390 357
357 390 391
357 391 358
358 391 392
358 392 359
359 392 393
359 393 360
360 393 394
360 394 361
361 394 395
361 395 362
362 395 396
362 396 363
363 396 397
363 397 364
364 397 398
364 398 365
365 398 399
365 399 366
366 399 400
366 400 367
367 400 401
368 402 369
369 402 403
369 403 370
370 403 404
370 404 371
371 404 405
371 405 372
372 405 406
372 406 373
373 406 407
373 407 374
374 407 408
374 408 375
375 408 409
375 409 376
376 409 410
376 410 377
377 410 411
377 411 378
378 411 412
378 412 379
379 412 413
379 413 380
380 413 414
380 414 381
381 414 415
381 415 382
382 415 416
382 416 383
383 416 417
383 417 384
384 417 418
384 418 385
385 418 419
385 419 386
386 419 420
386 420 387
387 420 421
387 421 388
388 421 422
388 422 389
389 422 423
389 423 390
390 423 424
390 424 391
391 424 425
391 425 392
392 425 426
392 426 393
393 426 427
393 427 394
394 427 428
394 428 395
395 428 429
395 429 396
396 429 430
396 430 397
397 430 431
397 431 398
398 431 432
398 432 399
399 432 433
399 433 400
400 433 434
400 434 401
402 435 436
402 436 403
403 436 437
403 437 404
404 437 438
404 438 405
405 438 439
405 439 406
406 439 440
406 440 407
407 440 441
407 441 408
408 441 442
408 442 409
409 442 443
409 443 410
410 443 444
410 444 411
411 444 445
411 445 412
412 445 446
412 446 413
413 446 447
413 447 414
414 447 448
414 448 415
415 448 449
415 449 416
416 449 450
416 450 417
417 450 451
417 451 418
418 451 452
418 452 419
419 452 453
419 453 420
420 453 454
420 454 421
421 454 455
421 455 422
422 455 456
422 456 423
423 456 457
423 457 424
424 457 458
424 458 425
425 458 459
425 459 426
426 459 460
426 460 427
427 460 461
427 461 428
428 461 462
428 462 429
429 462 463
429 463 430
430 463 464
430 464 431
431 464 465
431 465 432
432 465 466
432 466 433
433 466 467
433 467 434
434 467 468
435 469 436
436 469 470
436 470 437
437 470 471
437 471 438
438 471 472
438 472 439
439 472 473
439 473 440
440 473 474
440 474 441
441 474 475
441 475 442
442 475 476
442 476 443
443 476 477
443 477 444
444 477 478
444 478 445
445 478 479
445 479 446
446 479 480
446 480 447
447 480 481
447 481 448
448 481 482
448 482 449
449 482 483
449 483 450
450 483 484
450 484 451
451 484 485
451 485 452
452 485 486
452 486 453
453 486 487
453 487 454
454 487 488
454 488 455
455 488 489
455 489 456
456 489 490
456 490 457
457 490 491
457 491 458
458 491 492
458 492 459
459 492 493
459 493 460
460 493 494
460 494 461
461 494 495
461 495 462
462 495 496
462 496 463
463 496 497
463 497 464
464 497 498
464 498 465
465 498 499
465 499 466
466 499 500
466 500 467
467 500 501
467 501 468
469 502 503
469 503 470
470 503 504
470 504 471
471 504 505
471 505 472
472 505 506
472 506 473
473 506 507
473 507 474
474 507 508
474 508 475
475 508 509
475 509 476
476 509 510
476 510 477
477 510 511
477 511 478
478 511 512
478 512 479
479 512 513
479 513 480
480 513 514
480 514 481
481 514 515
481 515 482
482 515 516
482 516 483
483 516 517
483 517 484
484 517 518
484 518 485
485 518 519
485 519 486
486 519 520
486 520 487
487 520 521
487 521 488
488 521 522
488 522 489
489 522 523
489 523 490
490 523 524
490 524 491
491 524 525
491 525 492
492 525 526
492 526 493
493 526 527
493 527 494
494 527 528
494 528 495
495 528 529
495 529 496
496 529 530
496 530 497
497 530 531
497 531 498
498 531 532
498 532 499
499 532 533
499 533 500
500 533 534
500 534 501
501 534 535
502 536 503
503 536 537
503 537 504
504 537 538
504 538 505
505 538 539
505 539 506
506 539 540
506 540 507
507 540 541
507 541 508
508 541 542
508 542 509
509 542 543
509 543 510
510 543 544
510 544 511
511 544 545
511 545 512
512 545 546
512 546 513
513 546 547
513 547 514
514 547 548
514 548 515
515 548 549
515 549 516
516 549 550
516 550 517
517 550 551
517 551 518
518 551 552
518 552 519
519 552 553
519 553 520
520 553 554
520 554 521
521 554 555
521 555 522
522 555 556
522 556 523
523 556 557
523 557 524
524 557 558
524 558 525
525 558 559
525 559 526
526 559 560
526 560 527
527 560 561
527 561 528
528 561 562
528 562 529
529 562 563
529 563 530
530 563 564
530 564 531
531 564 565
531 565 532
532 565 566
532 566 533
533 566 567
533 567 534
534 567 568
534 568 535
536 569 570
536 570 537
537 570 571
537 571 538
538 571 572
538 572 539
539 572 573
539 573 540
540 573 574
540 574 541
541 574 575
541 575 542
542 575 576
542 576 543
543 576 577
543 577 544
544 577 578
544 578 545
545 578 579
545 579 546
546 579 580
546 580 547
547 580 581
547 581 548
548 581 582
548 582 549
549 582 583
549 583 550
550 583 584
550 584 551
551 584 585
551 585 552
552 585 586
552 586 553
553 586 587
553 587 554
554 587 588
554 588 555
555 588 589
555 589 556
556 589 590
556 590 557
557 590 591
557 591 558
558 591 592
558 592 559
559 592 593
559 593 560
560 593 594
560 594 561
561 594 595
561 595 562
562 595 596
562 596 563
563 596 597
563 597 564
564 597 598
564 598 565
565 598 599
565 599 566
566 599 600
566 600 567
567 600 601
567 601 568
568 601 602
569 603 570
570 603 604
570 604 571
571 604 605
571 605 572
572 605 606
572 606 573
573 606 607
573 607 574
574 607 608
574 608 575
575 608 609
575 609 576
576 609 610
576 610 577
577 610 611
577 611 578
578 611 612
578 612 579
579 612 613
579 613 580
580 613 614
580 614 581
581 614 615
581 615 582
582 615 616
582 616 583
583 616 617
583 617 584
584 617 618
584 618 585
585 618 619
585 619 586
586 619 620
586 620 587
587 620 621
587 621 588
588 621 622
588 622 589
589 622 623
589 623 590
590 623 624
590 624 591
591 624 625
591 625 592
592 625 626
592 626 593
593 626 627
593 627 594
594 627 628
594 628 595
595 628 629
595 629 596
596 629 630
596 630 597
597 630 631
597 631 598
598 631 632
598 632 599
599 632 633
599 633 600
600 633 634
600 634 601
601 634 635
601 635 602
603 636 637
603 637 604
604 637 638
604 638 605
605 638 639
605 639 606
606 639 640
606 640 607
607 640 641
607 641 608
608 641 642
608 642 609
609 642 643
609 643 610
610 643 644
610 644 611
611 644 645
611 645 612
612 645 646
612 646 613
613 646 647
613 647 614
614 647 648
614 648 615
615 648 649
615 649 616
616 649 650
616 650 617
617 650 651
617 651 618
618 651 652
618 652 619
619 652 653
619 653 620
620 653 654
620 654 621
621 654 655
621 655 622
622 655 656
622 656 623
623 656 657
623 657 624
624 657 658
624 658 625
625 658 659
625 659 626
626 659 660
626 660 627
627 660 661
627 661 628
628 661 662
628 662 629
629 662 663
629 663 630
630 663 664
630 664 631
631 664 665
631 665 632
632 665 666
632 666 633
633 666 667
633 667 634
634 667 668
634 668 635
635 668 669
636 670 637
637 670 671
637 671 638
638 671 672
638 672 639
639 672 673
639 673 640
640 673 674
640 674 641
641 674 675
641 675 642
642 675 676
642 676 643
643 676 677
643 677 644
644 677 678
644 678 645
645 678 679
645 679 646
646 679 680
646 680 647
647 680 681
647 681 648
648 681 682
648 682 649
649 682 683
649 683 650
650 683 684
650 684 651
651 684 685
651 685 652
652 685 686
652 686 653
653 686 687
653 687 654
654 687 688
654 688 655
655 688 689
655 689 656
656 689 690
656 690 657
657 690 691
657 691 658
658 691 692
658 692 659
659 692 693
659 693 660
660 693 694
660 694 661
661 694 695
661 695 662
662 695 696
662 696 663
663 696 697
663 697 664
664 697 698
664 698 665
665 698 699
665 699 666
666 699 700
666 700 667
667 700 701
667 701 668
668 701 702
668 702 669
670 703 704
670 704 671
671 704 705
671 705 672
672 705 706
672 706 673
673 706 707
673 707 674
674 707 708
674 708 675
675 708 709
675 709 676
676 709 710
676 710 677
677 710 711
677 711 678
678 711 712
678 712 679
679 712 713
679 713 680
680 713 714
680 714 681
681 714 715
681 715 682
682 715 716
682 716 683
683 716 717
683 717 684
684 717 718
684 718 685
685 718 719
685 719 686
686 719 720
686 720 687
687 720 721
687 721 688
688 721 722
688 722 689
689 722 723
689 723 690
690 723 724
690 724 691
691 724 725
691 725 692
692 725 726
692 726 693
693 726 727
693 727 694
694 727 728
694 728 695
695 728 729
695 729 696
696 729 730
696 730 697
697 730 731
697 731 698
698 731 732
698 732 699
699 732 733
699 733 700
700 733 734
700 734 701
701 734 735
701 735 702
702 735 736
703 737 704
704 737 738
704 738 705
705 738 739
705 739 706
706 739 740
706 740 707
707 740 741
707 741 708
708 741 742
708 742 709
709 742 743
709 743 710
710 743 744
710 744 711
711 744 745
711 745 712
712 745 746
712 746 713
713 746 747
713 747 714
714 747 748
714 748 715
715 748 749
715 749 716
716 749 750
716 750 717
717 750 751
717 751 718
718 751 752
718 752 719
719 752 753
719 753 720
720 753 754
720 754 721
721 754 755
721 755 722
722 755 756
722 756 723
723 756 757
723 757 724
724 757 758
724 758 725
725 758 759
725 759 726
726 759 760
726 760 727
727 760 761
727 761 728
728 761 762
728 762 729
729 762 763
729 763 730
730 763 764
730 764 731
731 764 765
731 765 732
732 765 766
732 766 733
733 766 767
733 767 734
734 767 768
734 768 735
735 768 769
735 769 736
737 770 771
737 771 738
738 771 772
738 772 739
739 772 773
739 773 740
740 773 774
740 774 741
741 774 775
741 775 742
742 775 776
742 776 743
743 776 777
743 777 744
744 777 778
744 778 745
745 778 779
745 779 746
746 779 780
746 780 747
747 780 781
747 781 748
748 781 782
748 782 749
749 782 783
749 783 750
750 783 784
750 784 751
751 784 785
751 785 752
752 785 786
752 786 753
753 786 787
753 787 754
754 787 788
754 788 755
755 788 789
755 789 756
756 789 790
756 790 757
757 790 791
757 791 758
758 791 792
758 792 759
759 792 793
759 793 760
760 793 794
760 794 761
761 794 795
761 795 762
762 795 796
762 796 763
763 796 797
763 797 764
764 797 798
764 798 765
765 798 799
765 799 766
766 799 800
766 800 767
767 800 801
767 801 768
768 801 802
768 802 769
769 802 803
770 804 771
771 804 805
771 805 772
772 805 806
772 806 773
773 806 807
773 807 774
774 807 808
774 808 775
775 808 809
775 809 776
776 809 810
776 810 777
777 810 811
777 811 778
778 811 812
778 812 779
779 812 813
779 813 780
780 813 814
780 814 781
781 814 815
781 815 782
782 815 816
782 816 783
783 816 817
783 817 784
784 817 818
784 818 785
785 818 819
785 819 786
786 819 820
786 820 787
787 820 821
787 821 788
788 821 822
788 822 789
789 822 823
789 823 790
790 823 824
790 824 791
791 824 825
791 825 792
792 825 826
792 826 793
793 826 827
793 827 794
794 827 828
794 828 795
795 828 829
795 829 796
796 829 830
796 830 797
797 830 831
797 831 798
798 831 832
798 832 799
799 832 833
799 833 800
800 833 834
800 834 801
801 834 835
801 835 802
802 835 836
802 836 803
804 837 838
804 838 805
805 838 839
805 839 806
806 839 840
806 840 807
807 840 841
807 841 808
808 841 842
808 842 809
809 842 843
809 843 810
810 843 844
810 844 811
811 844 845
811 845 812
812 845 846
812 846 813
813 846 847
813 847 814
814 847 848
814 848 815
815 848 849
815 849 816
816 849 850
816 850 817
817 850 851
817 851 818
818 851 852
818 852 819
819 852 853
819 853 820
820 853 854
820 854 821
821 854 855
821 855 822
822 855 856
822 856 823
823 856 857
823 857 824
824 857 858
824 858 825
825 858 859
825 859 826
826 859 860
826 860 827
827 860 861
827 861 828
828 861 862
828 862 829
829 862 863
829 863 830
830 863 864
830 864 831
831 864 865
831 865 832
832 865 866
832 866 833
833 866 867
833 867 834
834 867 868
834 868 835
835 868 869
835 869 836
836 869 870
837 871 838
838 871 872
838 872 839
839 872 873
839 873 840
840 873 874
840 874 841
841 874 875
841 875 842
842 875 876
842 876 843
843 876 877
843 877 844
844 877 878
844 878 845
845 878 879
845 879 846
846 879 880
846 880 847
847 880 881
847 881 848
848 881 882
848 882 849
849 882 883
849 883 850
850 883 884
850 884 851
851 884 885
851 885 852
852 885 886
852 886 853
853 886 887
853 887 854
854 887 888
854 888 855
855 888 889
855 889 856
856 889 890
856 890 857
857 890 891
857 891 858
858 891 892
858 892 859
859 892 893
859 893 860
860 893 894
860 894 861
861 894 895
861 895 862
862 895 896
862 896 863
863 896 897
863 897 864
864 897 898
864 898 865
865 898 899
865 899 866
866 899 900
866 900 867
867 900 901
867 901 868
868 901 902
868 902 869
869 902 903
869 903 870
871 904 905
871 905 872
872 905 906
872 906 873
873 906 907
873 907 874
874 907 908
874 908 875
875 908 909
875 909 876
876 909 910
876 910 877
877 910 911
877 911 878
878 911 912
878 912 879
879 912 913
879 913 880
880 913 914
880 914 881
881 914 915
881 915 882
882 915 916
882 916 883
883 916 917
883 917 884
884 917 918
884 918 885
885 918 919
885 919 886
886 919 920
886 920 887
887 920 921
887 921 888
888 921 922
888 922 889
889 922 923
889 923 890
890 923 924
890 924 891
891 924 925
891 925 892
892 925 926
892 926 893
893 926 927
893 927 894
894 927 928
894 928 895
895 928 929
895 929 896
896 929 930
896 930 897
897 930 931
897 931 898
898 931 932
898 932 899
899 932 933
899 933 900
900 933 934
900 934 901
901 934 935
901 935 902
902 935 936
902 936 903
903 936 937
904 938 905
905 938 939
905 939 906
906 939 940
906 940 907
907 940 941
907 941 908
908 941 942
908 942 909
909 942 943
909 943 910
910 943 944
910 944 911
911 944 945
911 945 912
912 945 946
912 946 913
913 946 947
913 947 914
914 947 948
914 948 915
915 948 949
915 949 916
916 949 950
916 950 917
917 950 951
917 951 918
918 951 952
918 952 919
919 952 953
919 953 920
920 953 954
920 954 921
921 954 955
921 955 922
922 955 956
922 956 923
923 956 957
923 957 924
924 957 958
924 958 925
925 958 959
925 959 926
926 959 960
926 960 927
927 960 961
927 961 928
928 961 962
928 962 929
929 962 963
929 963 930
930 963 964
930 964 931
931 964 965
931 965 932
932 965 966
932 966 933
933 966 967
933 967 934
934 967 968
934 968 935
935 968 969
935 969 936
936 969 970
936 970 937
938 971 972
938 972 939
939 972 973
939 973 940
940 973 974
940 974 941
941 974 975
941 975 942
942 975 976
942 976 943
943 976 977
943 977 944
944 977 978
944 978 945
945 978 979
945 979 946
946 979 980
946 980 947
947 980 981
947 981 948
948 981 982
948 982 949
949 982 983
949 983 950
950 983 984
950 984 951
951 984 985
951 985 952
952 985 986
952 986 953
953 986 987
953 987 954
954 987 988
954 988 955
955 988 989
955 989 956
956 989 990
956 990 957
957 990 991
957 991 958
958 991 992
958 992 959
959 992 993
959 993 960
960 993 994
960 994 961
961 994 995
961 995 962
962 995 996
962 996 963
963 996 997
963 997 964
964 997 998
964 998 965
965 998 999
965 999 966
966 999 1000
966 1000 967
967 1000 1001
967 1001 968
968 1001 1002
968 1002 969
969 1002 1003
969 1003 970
970 1003 1004
971 1005 972
972 1005 1006
972 1006 973
973 1006 1007
973 1007 974
974 1007 1008
974 1008 975
975 1008 1009
975 1009 976
976 1009 1010
976 1010 977
977 1010 1011
977 1011 978
978 1011 1012
978 1012 979
979 1012 1013
979 1013 980
980 1013 1014
980 1014 981
981 1014 1015
981 1015 982
982 1015 1016
982 1016 983
983 1016 1017
983 1017 984
984 1017 1018
984 1018 985
985 1018 1019
985 1019 986
986 1019 1020
986 1020 987
987 1020 1021
987 1021 988
988 1021 1022
988 1022 989
989 1022 1023
989 1023 990
990 1023 1024
990 1024 991
991 1024 1025
991 1025 992
992 1025 1026
992 1026 993
993 1026 1027
993 1027 994
994 1027 1028
994 1028 995
995 1028 1029
995 1029 996
996 1029 1030
996 1030 997
997 1030 1031
997 1031 998
998 1031 1032
998 1032 999
999 1032 1033
999 1033 1000
1000 1033 1034
1000 1034 1001
1001 1034 1035
1001 1035 1002
1002 1035 1036
1002 1036 1003
1003 1036 1037
1003 1037 1004
1005 1038 1039
1005 1039 1006
1006 1039 1040
1006 1040 1007
1007 1040 1041
1007 1041 1008
1008 1041 1042
1008 1042 1009
1009 1042 1043
1009 1043 1010
1010 1043 1044
1010 1044 1011
1011 1044 1045
1011 1045 1012
1012 1045 1046
1012 1046 1013
1013 1046 1047
1013 1047 1014
1014 1047 1048
1014 1048 1015
1015 1048 1049
1015 1049 1016
1016 1049 1050
1016 1050 1017
1017 1050 1051
1017 1051 1018
1018 1051 1052
1018 1052 1019
1019 1052 1053
1019 1053 1020
1020 1053 1054
1020 1054 1021
1021 1054 1055
1021 1055 1022
1022 1055 1056
1022 1056 1023
1023 1056 1057
1023 1057 1024
1024 1057 1058
1024 1058 1025
1025 1058 1059
1025 1059 1026
1026 1059 1060
1026 1060 1027
1027 1060 1061
1027 1061 1028
1028 1061 1062
1028 1062 1029
1029 1062 1063
1029 1063 1030
1030 1063 1064
1030 1064 1031
1031 1064 1065
1031 1065 1032
1032 1065 1066
1032 1066 1033
1033 1066 1067
1033 1067 1034
1034 1067 1068
1034 1068 1035
1035 1068 1069
1035 1069 1036
1036 1069 1070
1036 1070 1037
1037 1070 1071
1038 1072 1039
1039 1072 1073
1039 1073 1040
1040 1073 1074
1040 1074 1041
1041 1074 1075
1041 1075 1042
1042 1075 1076
1042 1076 1043
1043 1076 1077
1043 1077 1044
1044 1077 1078
1044 1078 1045
1045 1078 1079
1045 1079 1046
1046 1079 1080
1046 1080 1047
1047 1080 1081
1047 1081 1048
1048 1081 1082
1048 1082 1049
1049 1082 1083
1049 1083 1050
1050 1083 1084
1050 1084 1051
1051 1084 1085
1051 1085 1052
1052 1085 1086
1052 1086 1053
1053 1086 1087
1053 1087 1054
1054 1087 1088
1054 1088 1055
1055 1088 1089
1055 1089 1056
1056 1089 1090
1056 1090 1057
1057 1090 1091
1057 1091 1058
1058 1091 1092
1058 1092 1059
1059 1092 1093
1059 1093 1060
1060 1093 1094
1060 1094 1061
1061 1094 1095
1061 1095 1062
1062 1095 1096
1062 1096 1063
1063 1096 1097
1063 1097 1064
1064 1097 1098
1064 1098 1065
1065 1098 1099
1065 1099 1066
1066 1099 1100
1066 1100 1067
1067 1100 1101
1067 1101 1068
1068 1101 1102
1068 1102 1069
1069 1102 1103
1069 1103 1070
1070 1103 1104
1070 1104 1071
1072 1105 1106
1072 1106 1073
1073 1106 1107
1073 1107 1074
1074 1107 1108
1074 1108 1075
1075 1108 1109
1075 1109 1076
1076 1109 1110
1076 1110 1077
1077 1110 1111
1077 1111 1078
1078 1111 1112
1078 1112 1079
1079 1112 1113
1079 1113 1080
1080 1113 1114
1080 1114 1081
1081 1114 1115
1081 1115 1082
1082 1115 1116
1082 1116 1083
1083 1116 1117
1083 1117 1084
1084 1117 1118
1084 1118 1085
1085 1118 1119
1085 1119 1086
1086 1119 1120
1086 1120 1087
1087 1120 1121
1087 1121 1088
1088 1121 1122
1088 1122 1089
1089 1122 1123
1089 1123 1090
1090 1123 1124
1090 1124 1091
1091 1124 1125
1091 1125 1092
1092 1125 1126
1092 1126 1093
1093 1126 1127
1093 1127 1094
1094 1127 1128
1094 1128 1095
1095 1128 1129
1095 1129 1096
1096 1129 1130
1096 1130 1097
1097 1130 1131
1097 1131 1098
1098 1131 1132
1098 1132 1099
1099 1132 1133
1099 1133 1100
1100 1133 1134
1100 1134 1101
1101 1134 1135
1101 1135 1102
1102 1135 1136
1102 1136 1103
1103 1136 1137
1103 1137 1104
1104 1137 1138
1105 1139 1106
1106 1139 1140
1106 1140 1107
1107 1140 1141
1107 1141 1108
1108 1141 1142
1108 1142 1109
1109 1142 1143
1109 1143 1110
1110 1143 1144
1110 1144 1111
1111 1144 1145
1111 1145 1112
1112 1145 1146
1112 1146 1113
1113 1146 1147
1113 1147 1114
1114 1147 1148
1114 1148 1115
1115 1148 1149
1115 1149 1116
1116 1149 1150
1116 1150 1117
1117 1150 1151
1117 1151 1118
1118 1151 1152
1118 1152 1119
1119 1152 1153
1119 1153 1120
1120 1153 1154
1120 1154 1121
1121 1154 1155
1121 1155 1122
1122 1155 1156
1122 1156 1123
1123 1156 1157
1123 1157 1124
1124 1157 1158
1124 1158 1125
1125 1158 1159
1125 1159 1126
1126 1159 1160
1126 1160 1127
1127 1160 1161
1127 1161 1128
1128 1161 1162
1128 1162 1129
1129 1162 1163
1129 1163 1130
1130 1163 1164
1130 1164 1131
1131 1164 1165
1131 1165 1132
1132 1165 1166
1132 1166 1133
1133 1166 1167
1133 1167 1134
1134 1167 1168
1134 1168 1135
1135 1168 1169
1135 1169 1136
1136 1169 1170
1136 1170 1137
1137 1170 1171
1137 1171 1138
1139 1172 1173
1139 1173 1140
1140 1173 1174
1140 1174 1141
1141 1174 1175
1141 1175 1142
1142 1175 1176
1142 1176 1143
1143 1176 1177
1143 1177 1144
1144 1177 1178
1144 1178 1145
1145 1178 1179
1145 1179 1146
1146 1179 1180
1146 1180 1147
1147 1180 1181
1147 1181 1148
1148 1181 1182
1148 1182 1149
1149 1182 1183
1149 1183 1150
1150 1183 1184
1150 1184 1151
1151 1184 1185
1151 1185 1152
1152 1185 1186
1152 1186 1153
1153 1186 1187
1153 1187 1154
1154 1187 1188
1154 1188 1155
1155 1188 1189
1155 1189 1156
1156 1189 1190
1156 1190 1157
1157 1190 1191
1157 1191 1158
1158 1191 1192
1158 1192 1159
1159 1192 1193
1159 1193 1160
1160 1193 1194
1160 1194 1161
1161 1194 1195
1161 1195 1162
1162 1195 1196
1162 1196 1163
1163 1196 1197
1163 1197 1164
1164 1197 1198
1164 1198 1165
1165 1198 1199
1165 1199 1166
1166 1199 1200
1166 1200 1167
1167 1200 1201
1167 1201 1168
1168 1201 1202
1168 1202 1169
1169 1202 1203
1169 1203 1170
1170 1203 1204
1170 1204 1171
1171 1204 1205
1172 1206 1173
1173 1206 1207
1173 1207 1174
1174 1207 1208
1174 1208 1175
1175 1208 1209
1175 1209 1176
1176 1209 1210
1176 1210 1177
1177 1210 1211
1177 1211 1178
1178 1211 1212
1178 1212 1179
1179 1212 1213
1179 1213 1180
1180 1213 1214
1180 1214 1181
1181 1214 1215
1181 1215 1182
1182 1215 1216
1182 1216 1183
1183 1216 1217
1183 1217 1184
1184 1217 1218
1184 1218 1185
1185 1218 1219
1185 1219 1186
1186 1219 1220
1186 1220 1187
1187 1220 1221
1187 1221 1188
1188 1221 1222
1188 1222 1189
1189 1222 1223
1189 1223 1190
1190 1223 1224
1190 1224 1191
1191 1224 1225
1191 1225 1192
1192 1225 1226
1192 1226 1193
1193 1226 1227
1193 1227 1194
1194 1227 1228
1194 1228 1195
1195 1228 1229
1195 1229 1196
1196 1229 1230
1196 1230 1197
1197 1230 1231
1197 1231 1198
1198 1231 1232
1198 1232 1199
1199 1232 1233
1199 1233 1200
1200 1233 1234
1200 1234 1201
1201 1234 1235
1201 1235 1202
1202 1235 1236
1202 1236 1203
1203 1236 1237
1203 1237 1204
1204 1237 1238
1204 1238 1205
1206 1239 1240
1206 1240 1207
1207 1240 1241
1207 1241 1208
1208 1241 1242
1208 1242 1209
1209 1242 1243
1209 1243 1210
1210 1243 1244
1210 1244 1211
1211 1244 1245
1211 1245 1212
1212 1245 1246
1212 1246 1213
1213 1246 1247
1213 1247 1214
1214 1247 1248
1214 1248 1215
1215 1248 1249
1215 1249 1216
1216 1249 1250
1216 1250 1217
1217 1250 1251
1217 1251 1218
1218 1251 1252
1218 1252 1219
1219 1252 1253
1219 1253 1220
1220 1253 1254
1220 1254 1221
1221 1254 1255
1221 1255 1222
1222 1255 1256
1222 1256 1223
1223 1256 1257
1223 1257 1224
1224 1257 1258
1224 1258 1225
1225 1258 1259
1225 1259 1226
1226 1259 1260
1226 1260 1227
1227 1260 1261
1227 1261 1228
1228 1261 1262
1228 1262 1229
1229 1262 1263
1229 1263 1230
1230 1263 1264
1230 1264 1231
1231 1264 1265
1231 1265 1232
1232 1265 1266
1232 1266 1233
1233 1266 1267
1233 1267 1234
1234 1267 1268
1234 1268 1235
1235 1268 1269
1235 1269 1236
1236 1269 1270
1236 1270 1237
1237 1270 1271
1237 1271 1238
1238 1271 1272
1239 1273 1240
1240 1273 1274
1240 1274 1241
1241 1274 1275
1241 1275 1242
1242 1275 1276
1242 1276 1243
1243 1276 1277
1243 1277 1244
1244 1277 1278
1244 1278 1245
1245 1278 1279
1245 1279 1246
1246 1279 1280
1246 1280 1247
1247 1280 1281
1247 1281 1248
1248 1281 1282
1248 1282 1249
1249 1282 1283
1249 1283 1250
1250 1283 1284
1250 1284 1251
1251 1284 1285
1251 1285 1252
1252 1285 1286
1252 1286 1253
1253 1286 1287
1253 1287 1254
1254 1287 1288
1254 1288 1255
1255 1288 1289
1255 1289 1256
1256 1289 1290
1256 1290 1257
1257 1290 1291
1257 1291 1258
1258 1291 1292
1258 1292 1259
1259 1292 1293
1259 1293 1260
1260 1293 1294
1260 1294 1261
1261 1294 1295
1261 1295 1262
1262 1295 1296
1262 1296 1263
1263 1296 1297
1263 1297 1264
1264 1297 1298
1264 1298 1265
1265 1298 1299
1265 1299 1266
1266 1299 1300
1266 1300 1267
1267 1300 1301
1267 1301 1268
1268 1301 1302
1268 1302 1269
1269 1302 1303
1269 1303 1270
1270 1303 1304
1270 1304 1271
1271 1304 1305
1271 1305 1272
1273 1306 1307
1273 1307 1274
1274 1307 1308
1274 1308 1275
1275 1308 1309
1275 1309 1276
1276 1309 1310
1276 1310 1277
1277 1310 1311
1277 1311 1278
1278 1311 1312
1278 1312 1279
1279 1312 1313
1279 1313 1280
1280 1313 1314
1280 1314 1281
1281 1314 1315
1281 1315 1282
1282 1315 1316
1282 1316 1283
1283 1316 1317
1283 1317 1284
1284 1317 1318
1284 1318 1285
1285 1318 1319
1285 1319 1286
1286 1319 1320
1286 1320 1287
1287 1320 1321
1287 1321 1288
1288 1321 1322
1288 1322 1289
1289 1322 1323
1289 1323 1290
1290 1323 1324
1290 1324 1291
1291 1324 1325
1291 1325 1292
1292 1325 1326
1292 1326 1293
1293 1326 1327
1293 1327 1294
1294 1327 1328
1294 1328 1295
1295 1328 1329
1295 1329 1296
1296 1329 1330
1296 1330 1297
1297 1330 1331
1297 1331 1298
1298 1331 1332
1298 1332 1299
1299 1332 1333
1299 1333 1300
1300 1333 1334
1300 1334 1301
1301 1334 1335
1301 1335 1302
1302 1335 1336
1302 1336 1303
1303 1336 1337
1303 1337 1304
1304 1337 1338
1304 1338 1305
1305 1338 1339
1306 1340 1307
1307 1340 1341
1307 1341 1308
1308 1341 1342
1308 1342 1309
1309 1342 1343
1309 1343 1310
1310 1343 1344
1310 1344 1311
1311 1344 1345
1311 1345 1312
1312 1345 1346
1312 1346 1313
1313 1346 1347
1313 1347 1314
1314 1347 1348
1314 1348 1315
1315 1348 1349
1315 1349 1316
1316 1349 1350
1316 1350 1317
1317 1350 1351
1317 1351 1318
1318 1351 1352
1318 1352 1319
1319 1352 1353
1319 1353 1320
1320 1353 1354
1320 1354 1321
1321 1354 1355
1321 1355 1322
1322 1355 1356
1322 1356 1323
1323 1356 1357
1323 1357 1324
1324 1357 1358
1324 1358 1325
1325 1358 1359
1325 1359 1326
1326 1359 1360
1326 1360 1327
1327 1360 1361
1327 1361 1328
1328 1361 1362
1328 1362 1329
1329 1362 1363
1329 1363 1330
1330 1363 1364
1330 1364 1331
1331 1364 1365
1331 1365 1332
1332 1365 1366
1332 1366 1333
1333 1366 1367
1333 1367 1334
1334 1367 1368
1334 1368 1335
1335 1368 1369
1335 1369 1336
1336 1369 1370
1336 1370 1337
1337 1370 1371
1337 1371 1338
1338 1371 1372
1338 1372 1339
1340 1373 1374
1340 1374 1341
1341 1374 1375
1341 1375 1342
1342 1375 1376
1342 1376 1343
1343 1376 1377
1343 1377 1344
1344 1377 1378
1344 1378 1345
1345 1378 1379
1345 1379 1346
1346 1379 1380
1346 1380 1347
1347 1380 1381
1347 1381 1348
1348 1381 1382
1348 1382 1349
1349 1382 1383
1349 1383 1350
1350 1383 1384
1350 1384 1351
1351 1384 1385
1351 1385 1352
1352 1385 1386
1352 1386 1353
1353 1386 1387
1353 1387 1354
1354 1387 1388
1354 1388 1355
1355 1388 1389
1355 1389 1356
1356 1389 1390
1356 1390 1357
1357 1390 1391
1357 1391 1358
1358 1391 1392
1358 1392 1359
1359 1392 1393
1359 1393 1360
1360 1393 1394
1360 1394 1361
1361 1394 1395
1361 1395 1362
1362 1395 1396
1362 1396 1363
1363 1396 1397
1363 1397 1364
1364 1397 1398
1364 1398 1365
1365 1398 1399
1365 1399 1366
1366 1399 1400
1366 1400 1367
1367 1400 1401
1367 1401 1368
1368 1401 1402
1368 1402 1369
1369 1402 1403
1369 1403 1370
1370 1403 1404
1370 1404 1371
1371 1404 1405
1371 1405 1372
1372 1405 1406
1373 1407 1374
1374 1407 1408
1374 1408 1375
1375 1408 1409
1375 1409 1376
1376 1409 1410
1376 1410 1377
1377 1410 1411
1377 1411 1378
1378 1411 1412
1378 1412 1379
1379 1412 1413
1379 1413 1380
1380 1413 1414
1380 1414 1381
1381 1414 1415
1381 1415 1382
1382 1415 1416
1382 1416 1383
1383 1416 1417
1383 1417 1384
1384 1417 1418
1384 1418 1385
1385 1418 1419
1385 1419 1386
1386 1419 1420
1386 1420 1387
1387 1420 1421
1387 1421 1388
1388 1421 1422
1388 1422 1389
1389 1422 1423
1389 1423 1390
1390 1423 1424
1390 1424 1391
1391 1424 1425
1391 1425 1392
1392 1425 1426
1392 1426 1393
1393 1426 1427
1393 1427 1394
1394 1427 1428
1394 1428 1395
1395 1428 1429
1395 1429 1396
1396 1429 1430
1396 1430 1397
1397 1430 1431
1397 1431 1398
1398 1431 1432
1398 1432 1399
1399 1432 1433
1399 1433 1400
1400 1433 1434
1400 1434 1401
1401 1434 1435
1401 1435 1402
1402 1435 1436
1402 1436 1403
1403 1436 1437
1403 1437 1404
1404 1437 1438
1404 1438 1405
1405 1438 1439
1405 1439 1406
1407 1440 1441
1407 1441 1408
1408 1441 1442
1408 1442 1409
1409 1442 1443
1409 1443 1410
1410 1443 1444
1410 1444 1411
1411 1444 1445
1411 1445 1412
1412 1445 1446
1412 1446 1413
1413 1446 1447
1413 1447 1414
1414 1447 1448
1414 1448 1415
1415 1448 1449
1415 1449 1416
1416 1449 1450
1416 1450 1417
1417 1450 1451
1417 1451 1418
1418 1451 1452
1418 1452 1419
1419 1452 1453
1419 1453 1420
1420 1453 1454
1420 1454 1421
1421 1454 1455
1421 1455 1422
1422 1455 1456
1422 1456 1423
1423 1456 1457
1423 1457 1424
1424 1457 1458
1424 1458 1425
1425 1458 1459
1425 1459 1426
1426 1459 1460
1426 1460 1427
1427 1460 1461
1427 1461 1428
1428 1461 1462
1428 1462 1429
1429 1462 1463
1429 1463 1430
1430 1463 1464
1430 1464 1431
1431 1464 1465
1431 1465 1432
1432 1465 1466
1432 1466 1433
1433 1466 1467
1433 1467 1434
1434 1467 1468
1434 1468 1435
1435 1468 1469
1435 1469 1436
1436 1469 1470
1436 1470 1437
1437 1470 1471
1437 1471 1438
1438 1471 1472
1438 1472 1439
1439 1472 1473
1440 1474 1441
1441 1474 1475
1441 1475 1442
1442 1475 1476
1442 1476 1443
1443 1476 1477
1443 1477 1444
1444 1477 1478
1444 1478 1445
1445 1478 1479
1445 1479 1446
1446 1479 1480
1446 1480 1447
1447 1480 1481
1447 1481 1448
1448 1481 1482
1448 1482 1449
1449 1482 1483
1449 1483 1450
1450 1483 1484
1450 1484 1451
1451 1484 1485
1451 1485 1452
1452 1485 1486
1452 1486 1453
1453 1486 1487
1453 1487 1454
1454 1487 1488
1454 1488 1455
1455 1488 1489
1455 1489 1456
1456 1489 1490
1456 1490 1457
1457 1490 1491
1457 1491 1458
1458 1491 1492
1458 1492 1459
1459 1492 1493
1459 1493 1460
1460 1493 1494
1460 1494 1461
1461 1494 1495
1461 1495 1462
1462 1495 1496
1462 1496 1463
1463 1496 1497
1463 1497 1464
1464 1497 1498
1464 1498 1465
1465 1498 1499
1465 1499 1466
1466 1499 1500
1466 1500 1467
1467 1500 1501
1467 1501 1468
1468 1501 1502
1468 1502 1469
1469 1502 1503
1469 1503 1470
1470 1503 1504
1470 1504 1471
1471 1504 1505
1471 1505 1472
1472 1505 1506
1472 1506 1473
1474 1507 1508
1474 1508 1475
1475 1508 1509
1475 1509 1476
1476 1509 1510
1476 1510 1477
1477 1510 1511
1477 1511 1478
1478 1511 1512
1478 1512 1479
1479 1512 1513
1479 1513 1480
1480 1513 1514
1480 1514 1481
1481 1514 1515
1481 1515 1482
1482 1515 1516
1482 1516 1483
1483 1516 1517
1483 1517 1484
1484 1517 1518
1484 1518 1485
1485 1518 1519
1485 1519 1486
1486 1519 1520
1486 1520 1487
1487 1520 1521
1487 1521 1488
1488 1521 1522
1488 1522 1489
1489 1522 1523
1489 1523 1490
1490 1523 1524
1490 1524 1491
1491 1524 1525
1491 1525 1492
1492 1525 1526
1492 1526 1493
1493 1526 1527
1493 1527 1494
1494 1527 1528
1494 1528 1495
1495 1528 1529
1495 1529 1496
1496 1529 1530
1496 1530 1497
1497 1530 1531
1497 1531 1498
1498 1531 1532
1498 1532 1499
1499 1532 1533
1499 1533 1500
1500 1533 1534
1500 1534 1501
1501 1534 1535
1501 1535 1502
1502 1535 1536
1502 1536 1503
1503 1536 1537
1503 1537 1504
1504 1537 1538
1504 1538 1505
1505 1538 1539
1505 1539 1506
1506 1539 1540
1507 1541 1508
1508 1541 1542
1508 1542 1509
1509 1542 1543
1509 1543 1510
1510 1543 1544
1510 1544 1511
1511 1544 1545
1511 1545 1512
1512 1545 1546
1512 1546 1513
1513 1546 1547
1513 1547 1514
1514 1547 1548
1514 1548 1515
1515 1548 1549
1515 1549 1516
1516 1549 1550
1516 1550 1517
1517 1550 1551
1517 1551 1518
1518 1551 1552
1518 1552 1519
1519 1552 1553
1519 1553 1520
1520 1553 1554
1520 1554 1521
1521 1554 1555
1521 1555 1522
1522 1555 1556
1522 1556 1523
1523 1556 1557
1523 1557 1524
1524 1557 1558
1524 1558 1525
1525 1558 1559
1525 1559 1526
1526 1559 1560
1526 1560 1527
1527 1560 1561
1527 1561 1528
1528 1561 1562
1528 1562 1529
1529 1562 1563
1529 1563 1530
1530 1563 1564
1530 1564 1531
1531 1564 1565
1531 1565 1532
1532 1565 1566
1532 1566 1533
1533 1566 1567
1533 1567 1534
1534 1567 1568
1534 1568 1535
1535 1568 1569
1535 1569 1536
1536 1569 1570
1536 1570 1537
1537 1570 1571
1537 1571 1538
1538 1571 1572
1538 1572 1539
1539 1572 1573
1539 1573 1540
1541 1574 1575
1541 1575 1542
1542 1575 1576
1542 1576 1543
1543 1576 1577
1543 1577 1544
1544 1577 1578
1544 1578 1545
1545 1578 1579
1545 1579 1546
1546 1579 1580
1546 1580 1547
1547 1580 1581
1547 1581 1548
1548 1581 1582
1548 1582 1549
1549 1582 1583
1549 1583 1550
1550 1583 1584
1550 1584 1551
1551 1584 1585
1551 1585 1552
1552 1585 1586
1552 1586 1553
1553 1586 1587
1553 1587 1554
1554 1587 1588
1554 1588 1555
1555 1588 1589
1555 1589 1556
1556 1589 1590
1556 1590 1557
1557 1590 1591
1557 1591 1558
1558 1591 1592
1558 1592 1559
1559 1592 1593
1559 1593 1560
1560 1593 1594
1560 1594 1561
1561 1594 1595
1561 1595 1562
1562 1595 1596
1562 1596 1563
1563 1596 1597
1563 1597 1564
1564 1597 1598
1564 1598 1565
1565 1598 1599
1565 1599 1566
1566 1599 1600
1566 1600 1567
1567 1600 1601
1567 1601 1568
1568 1601 1602
1568 1602 1569
1569 1602 1603
1569 1603 1570
1570 1603 1604
1570 1604 1571
1571 1604 1605
1571 1605 1572
1572 1605 1606
1572 1606 1573
1573 1606 1607
1574 1608 1575
1575 1608 1609
1575 1609 1576
1576 1609 1610
1576 1610 1577
1577 1610 1611
1577 1611 1578
1578 1611 1612
1578 1612 1579
1579 1612 1613
1579 1613 1580
1580 1613 1614
1580 1614 1581
1581 1614 1615
1581 1615 1582
1582 1615 1616
1582 1616 1583
1583 1616 1617
1583 1617 1584
1584 1617 1618
1584 1618 1585
1585 1618 1619
1585 1619 1586
1586 1619 1620
1586 1620 1587
1587 1620 1621
1587 1621 1588
1588 1621 1622
1588 1622 1589
1589 1622 1623
1589 1623 1590
1590 1623 1624
1590 1624 1591
1591 1624 1625
1591 1625 1592
1592 1625 1626
1592 1626 1593
1593 1626 1627
1593 1627 1594
1594 1627 1628
1594 1628 1595
1595 1628 1629
1595 1629 1596
1596 1629 1630
1596 1630 1597
1597 1630 1631
1597 1631 1598
1598 1631 1632
1598 1632 1599
1599 1632 1633
1599 1633 1600
1600 1633 1634
1600 1634 1601
1601 1634 1635
1601 1635 1602
1602 1635 1636
1602 1636 1603
1603 1636 1637
1603 1637 1604
1604 1637 1638
1604 1638 1605
1605 1638 1639
1605 1639 1606
1606 1639 1640
1606 1640 1607
1608 1641 1642
1608 1642 1609
1609 1642 1643
1609 1643 1610
1610 1643 1644
1610 1644 1611
1611 1644 1645
1611 1645 1612
1612 1645 1646
1612 1646 1613
1613 1646 1647
1613 1647 1614
1614 1647 1648
1614 1648 1615
1615 1648 1649
1615 1649 1616
1616 1649 1650
1616 1650 1617
1617 1650 1651
1617 1651 1618
1618 1651 1652
1618 1652 1619
1619 1652 1653
1619 1653 1620
1620 1653 1654
1620 1654 1621
1621 1654 1655
1621 1655 1622
1622 1655 1656
1622 1656 1623
1623 1656 1657
1623 1657 1624
1624 1657 1658
1624 1658 1625
1625 1658 1659
1625 1659 1626
1626 1659 1660
1626 1660 1627
1627 1660 1661
1627 1661 1628
1628 1661 1662
1628 1662 1629
1629 1662 1663
1629 1663 1630
1630 1663 1664
1630 1664 1631
1631 1664 1665
1631 1665 1632
1632 1665 1666
1632 1666 1633
1633 1666 1667
1633 1667 1634
1634 1667 1668
1634 1668 1635
1635 1668 1669
1635 1669 1636
1636 1669 1670
1636 1670 1637
1637 1670 1671
1637 1671 1638
1638 1671 1672
1638 1672 1639
1639 1672 1673
1639 1673 1640
1640 1673 1674
1641 1675 1642
1642 1675 1676
1642 1676 1643
1643 1676 1677
1643 1677 1644
1644 1677 1678
1644 1678 1645
1645 1678 1679
1645 1679 1646
1646 1679 1680
1646 1680 1647
1647 1680 1681
1647 1681 1648
1648 1681 1682
1648 1682 1649
1649 1682 1683
1649 1683 1650
1650 1683 1684
1650 1684 1651
1651 1684 1685
1651 1685 1652
1652 1685 1686
1652 1686 1653
1653 1686 1687
1653 1687 1654
1654 1687 1688
1654 1688 1655
1655 1688 1689
1655 1689 1656
1656 1689 1690
1656 1690 1657
1657 1690 1691
1657 1691 1658
1658 1691 1692
1658 1692 1659
1659 1692 1693
1659 1693 1660
1660 1693 1694
1660 1694 1661
1661 1694 1695
1661 1695 1662
1662 1695 1696
1662 1696 1663
1663 1696 1697
1663 1697 1664
1664 1697 1698
1664 1698 1665
1665 1698 1699
1665 1699 1666
1666 1699 1700
1666 1700 1667
1667 1700 1701
1667 1701 1668
1668 1701 1702
1668 1702 1669
1669 1702 1703
1669 1703 1670
1670 1703 1704
1670 1704 1671
1671 1704 1705
1671 1705 1672
1672 1705 1706
1672 1706 1673
1673 1706 1707
1673 1707 1674
1675 1708 1709
1675 1709 1676
1676 1709 1710
1676 1710 1677
1677 1710 1711
1677 1711 1678
1678 1711 1712
1678 1712 1679
1679 1712 1713
1679 1713 1680
1680 1713 1714
1680 1714 1681
1681 1714 1715
1681 1715 1682
1682 1715 1716
1682 1716 1683
1683 1716 1717
1683 1717 1684
1684 1717 1718
1684 1718 1685
1685 1718 1719
1685 1719 1686
1686 1719 1720
1686 1720 1687
1687 1720 1721
1687 1721 1688
1688 1721 1722
1688 1722 1689
1689 1722 1723
1689 1723 1690
1690 1723 1724
1690 1724 1691
1691 1724 1725
1691 1725 1692
1692 1725 1726
1692 1726 1693
1693 1726 1727
1693 1727 1694
1694 1727 1728
1694 1728 1695
1695 1728 1729
1695 1729 1696
1696 1729 1730
1696 1730 1697
1697 1730 1731
1697 1731 1698
1698 1731 1732
1698 1732 1699
1699 1732 1733
1699 1733 1700
1700 1733 1734
1700 1734 1701
1701 1734 1735
1701 1735 1702
1702 1735 1736
1702 1736 1703
1703 1736 1737
1703 1737 1704
1704 1737 1738
1704 1738 1705
1705 1738 1739
1705 1739 1706
1706 1739 1740
1706 1740 1707
1707 1740 1741
1708 1742 1709
1709 1742 1743
1709 1743 1710
1710 1743 1744
1710 1744 1711
1711 1744 1745
1711 1745 1712
1712 1745 1746
1712 1746 1713
1713 1746 1747
1713 1747 1714
1714 1747 1748
1714 1748 1715
1715 1748 1749
1715 1749 1716
1716 1749 1750
1716 1750 1717
1717 1750 1751
1717 1751 1718
1718 1751 1752
1718 1752 1719
1719 1752 1753
1719 1753 1720
1720 1753 1754
1720 1754 1721
1721 1754 1755
1721 1755 1722
1722 1755 1756
1722 1756 1723
1723 1756 1757
1723 1757 1724
1724 1757 1758
1724 1758 1725
1725 1758 1759
1725 1759 1726
1726 1759 1760
1726 1760 1727
1727 1760 1761
1727 1761 1728
1728 1761 1762
1728 1762 1729
1729 1762 1763
1729 1763 1730
1730 1763 1764
1730 1764 1731
1731 1764 1765
1731 1765 1732
1732 1765 1766
1732 1766 1733
1733 1766 1767
1733 1767 1734
1734 1767 1768
1734 1768 1735
1735 1768 1769
1735 1769 1736
1736 1769 1770
1736 1770 1737
1737 1770 1771
1737 1771 1738
1738 1771 1772
1738 1772 1739
1739 1772 1773
1739 1773 1740
1740 1773 1774
1740 1774 1741
1742 1775 1776
1742 1776 1743
1743 1776 1777
1743 1777 1744
1744 1777 1778
1744 1778 1745
1745 1778 1779
1745 1779 1746
1746 1779 1780
1746 1780 1747
1747 1780 1781
1747 1781 1748
1748 1781 1782
1748 1782 1749
1749 1782 1783
1749 1783 1750
1750 1783 1784
1750 1784 1751
1751 1784 1785
1751 1785 1752
1752 1785 1786
1752 1786 1753
1753 1786 1787
1753 1787 1754
1754 1787 1788
1754 1788 1755
1755 1788 1789
1755 1789 1756
1756 1789 1790
1756 1790 1757
1757 1790 1791
1757 1791 1758
1758 1791 1792
1758 1792 1759
1759 1792 1793
1759 1793 1760
1760 1793 1794
1760 1794 1761
1761 1794 1795
1761 1795 1762
1762 1795 1796
1762 1796 1763
1763 1796 1797
1763 1797 1764
1764 1797 1798
1764 1798 1765
1765 1798 1799
1765 1799 1766
1766 1799 1800
1766 1800 1767
1767 1800 1801
1767 1801 1768
1768 1801 1802
1768 1802 1769
1769 1802 1803
1769 1803 1770
1770 1803 1804
1770 1804 1771
1771 1804 1805
1771 1805 1772
1772 1805 1806
1772 1806 1773
1773 1806 1807
1773 1807 1774
1774 1807 1808
1775 1809 1776
1776 1809 1810
1776 1810 1777
1777 1810 1811
1777 1811 1778
1778 1811 1812
1778 1812 1779
1779 1812 1813
1779 1813 1780
1780 1813 1814
1780 1814 1781
1781 1814 1815
1781 1815 1782
1782 1815 1816
1782 1816 1783
1783 1816 1817
1783 1817 1784
1784 1817 1818
1784 1818 1785
1785 1818 1819
1785 1819 1786
1786 1819 1820
1786 1820 1787
1787 1820 1821
1787 1821 1788
1788 1821 1822
1788 1822 1789
1789 1822 1823
1789 1823 1790
1790 1823 1824
1790 1824 1791
1791 1824 1825
1791 1825 1792
1792 1825 1826
1792 1826 1793
1793 1826 1827
1793 1827 1794
1794 1827 1828
1794 1828 1795
1795 1828 1829
1795 1829 1796
1796 1829 1830
1796 1830 1797
1797 1830 1831
1797 1831 1798
1798 1831 1832
1798 1832 1799
1799 1832 1833
1799 1833 1800
1800 1833 1834
1800 1834 1801
1801 1834 1835
1801 1835 1802
1802 1835 1836
1802 1836 1803
1803 1836 1837
1803 1837 1804
1804 1837 1838
1804 1838 1805
1805 1838 1839
1805 1839 1806
1806 1839 1840
1806 1840 1807
1807 1840 1841
1807 1841 1808
1809 1842 1843
1809 1843 1810
1810 1843 1844
1810 1844 1811
1811 1844 1845
1811 1845 1812
1812 1845 1846
1812 1846 1813
1813 1846 1847
1813 1847 1814
1814 1847 1848
1814 1848 1815
1815 1848 1849
1815 1849 1816
1816 1849 1850
1816 1850 1817
1817 1850 1851
1817 1851 1818
1818 1851 1852
1818 1852 1819
1819 1852 1853
1819 1853 1820
1820 1853 1854
1820 1854 1821
1821 1854 1855
1821 1855 1822
1822 1855 1856
1822 1856 1823
1823 1856 1857
1823 1857 1824
1824 1857 1858
1824 1858 1825
1825 1858 1859
1825 1859 1826
1826 1859 1860
1826 1860 1827
1827 1860 1861
1827 1861 1828
1828 1861 1862
1828 1862 1829
1829 1862 1863
1829 1863 1830
1830 1863 1864
1830 1864 1831
1831 1864 1865
1831 1865 1832
1832 1865 1866
1832 1866 1833
1833 1866 1867
1833 1867 1834
1834 1867 1868
1834 1868 1835
1835 1868 1869
1835 1869 1836
1836 1869 1870
1836 1870 1837
1837 1870 1871
1837 1871 1838
1838 1871 1872
1838 1872 1839
1839 1872 1873
1839 1873 1840
1840 1873 1874
1840 1874 1841
1841 1874 1875
1842 1876 1843
1843 1876 1877
1843 1877 1844
1844 1877 1878
1844 1878 1845
1845 1878 1879
1845 1879 1846
1846 1879 1880
1846 1880 1847
1847 1880 1881
1847 1881 1848
1848 1881 1882
1848 1882 1849
1849 1882 1883
1849 1883 1850
1850 1883 1884
1850 1884 1851
1851 1884 1885
1851 1885 1852
1852 1885 1886
1852 1886 1853
1853 1886 1887
1853 1887 1854
1854 1887 1888
1854 1888 1855
1855 1888 1889
1855 1889 1856
1856 1889 1890
1856 1890 1857
1857 1890 1891
1857 1891 1858
1858 1891 1892
1858 1892 1859
1859 1892 1893
1859 1893 1860
1860 1893 1894
1860 1894 1861
1861 1894 1895
1861 1895 1862
1862 1895 1896
1862 1896 1863
1863 1896 1897
1863 1897 1864
1864 1897 1898
1864 1898 1865
1865 1898 1899
1865 1899 1866
1866 1899 1900
1866 1900 1867
1867 1900 1901
1867 1901 1868
1868 1901 1902
1868 1902 1869
1869 1902 1903
1869 1903 1870
1870 1903 1904
1870 1904 1871
1871 1904 1905
1871 1905 1872
1872 1905 1906
1872 1906 1873
1873 1906 1907
1873 1907 1874
1874 1907 1908
1874 1908 1875
1876 1909 1910
1876 1910 1877
1877 1910 1911
1877 1911 1878
1878 1911 1912
1878 1912 1879
1879 1912 1913
1879 1913 1880
1880 1913 1914
1880 1914 1881
1881 1914 1915
1881 1915 1882
1882 1915 1916
1882 1916 1883
1883 1916 1917
1883 1917 1884
1884 1917 1918
1884 1918 1885
1885 1918 1919
1885 1919 1886
1886 1919 1920
1886 1920 1887
1887 1920 1921
1887 1921 1888
1888 1921 1922
1888 1922 1889
1889 1922 1923
1889 1923 1890
1890 1923 1924
1890 1924 1891
1891 1924 1925
1891 1925 1892
1892 1925 1926
1892 1926 1893
1893 1926 1927
1893 1927 1894
1894 1927 1928
1894 1928 1895
1895 1928 1929
1895 1929 1896
1896 1929 1930
1896 1930 1897
1897 1930 1931
1897 1931 1898
1898 1931 1932
1898 1932 1899
1899 1932 1933
1899 1933 1900
1900 1933 1934
1900 1934 1901
1901 1934 1935
1901 1935 1902
1902 1935 1936
1902 1936 1903
1903 1936 1937
1903 1937 1904
1904 1937 1938
1904 1938 1905
1905 1938 1939
1905 1939 1906
1906 1939 1940
1906 1940 1907
1907 1940 1941
1907 1941 1908
1908 1941 1942
1909 1943 1910
1910 1943 1944
1910 1944 1911
1911 1944 1945
1911 1945 1912
1912 1945 1946
1912 1946 1913
1913 1946 1947
1913 1947 1914
1914 1947 1948
1914 1948 1915
1915 1948 1949
1915 1949 1916
1916 1949 1950
1916 1950 1917
1917 1950 1951
1917 1951 1918
1918 1951 1952
1918 1952 1919
1919 1952 1953
1919 1953 1920
1920 1953 1954
1920 1954 1921
1921 1954 1955
1921 1955 1922
1922 1955 1956
1922 1956 1923
1923 1956 1957
1923 1957 1924
1924 1957 1958
1924 1958 1925
1925 1958 1959
1925 1959 1926
1926 1959 1960
1926 1960 1927
1927 1960 1961
1927 1961 1928
1928 1961 1962
1928 1962 1929
1929 1962 1963
1929 1963 1930
1930 1963 1964
1930 1964 1931
1931 1964 1965
1931 1965 1932
1932 1965 1966
1932 1966 1933
1933 1966 1967
1933 1967 1934
1934 1967 1968
1934 1968 1935
1935 1968 1969
1935 1969 1936
1936 1969 1970
1936 1970 1937
1937 1970 1971
1937 1971 1938
1938 1971 1972
1938 1972 1939
1939 1972 1973
1939 1973 1940
1940 1973 1974
1940 1974 1941
1941 1974 1975
1941 1975 1942
1943 1976 1977
1943 1977 1944
1944 1977 1978
1944 1978 1945
1945 1978 1979
1945 1979 1946
1946 1979 1980
1946 1980 1947
1947 1980 1981
1947 1981 1948
1948 1981 1982
1948 1982 1949
1949 1982 1983
1949 1983 1950
1950 1983 1984
1950 1984 1951
1951 1984 1985
1951 1985 1952
1952 1985 1986
1952 1986 1953
1953 1986 1987
1953 1987 1954
1954 1987 1988
1954 1988 1955
1955 1988 1989
1955 1989 1956
1956 1989 1990
1956 1990 1957
1957 1990 1991
1957 1991 1958
1958 1991 1992
1958 1992 1959
1959 1992 1993
1959 1993 1960
1960 1993 1994
1960 1994 1961
1961 1994 1995
1961 1995 1962
1962 1995 1996
1962 1996 1963
1963 1996 1997
1963 1997 1964
1964 1997 1998
1964 1998 1965
1965 1998 1999
1965 1999 1966
1966 1999 2000
1966 2000 1967
1967 2000 2001
1967 2001 1968
1968 2001 2002
1968 2002 1969
1969 2002 2003
1969 2003 1970
1970 2003 2004
1970 2004 1971
1971 2004 2005
1971 2005 1972
1972 2005 2006
1972 2006 1973
1973 2006 2007
1973 2007 1974
1974 2007 2008
1974 2008 1975
1975 2008 2009
1976 2010 1977
1977 2010 2011
1977 2011 1978
1978 2011 2012
1978 2012 1979
1979 2012 2013
1979 2013 1980
1980 2013 2014
1980 2014 1981
1981 2014 2015
1981 2015 1982
1982 2015 2016
1982 2016 1983
1983 2016 2017
1983 2017 1984
1984 2017 2018
1984 2018 1985
1985 2018 2019
1985 2019 1986
1986 2019 2020
1986 2020 1987
1987 2020 2021
1987 2021 1988
1988 2021 2022
1988 2022 1989
1989 2022 2023
1989 2023 1990
1990 2023 2024
1990 2024 1991
1991 2024 2025
1991 2025 1992
1992 2025 2026
1992 2026 1993
1993 2026 2027
1993 2027 1994
1994 2027 2028
1994 2028 1995
1995 2028 2029
1995 2029 1996
1996 2029 2030
1996 2030 1997
1997 2030 2031
1997 2031 1998
1998 2031 2032
1998 2032 1999
1999 2032 2033
1999 2033 2000
2000 2033 2034
2000 2034 2001
2001 2034 2035
2001 2035 2002
2002 2035 2036
2002 2036 2003
2003 2036 2037
2003 2037 2004
2004 2037 2038
2004 2038 2005
2005 2038 2039
2005 2039 2006
2006 2039 2040
2006 2040 2007
2007 2040 2041
2007 2041 2008
2008 2041 2042
2008 2042 2009
2010 2043 2044
2010 2044 2011
2011 2044 2045
2011 2045 2012
2012 2045 2046
2012 2046 2013
2013 2046 2047
2013 2047 2014
2014 2047 2048
2014 2048 2015
2015 2048 2049
2015 2049 2016
2016 2049 2050
2016 2050 2017
2017 2050 2051
2017 2051 2018
2018 2051 2052
2018 2052 2019
2019 2052 2053
2019 2053 2020
2020 2053 2054
2020 2054 2021
2021 2054 2055
2021 2055 2022
2022 2055 2056
2022 2056 2023
2023 2056 2057
2023 2057 2024
2024 2057 2058
2024 2058 2025
2025 2058 2059
2025 2059 2026
2026 2059 2060
2026 2060 2027
2027 2060 2061
2027 2061 2028
2028 2061 2062
2028 2062 2029
2029 2062 2063
2029 2063 2030
2030 2063 2064
2030 2064 2031
2031 2064 2065
2031 2065 2032
2032 2065 2066
2032 2066 2033
2033 2066 2067
2033 2067 2034
2034 2067 2068
2034 2068 2035
2035 2068 2069
2035 2069 2036
2036 2069 2070
2036 2070 2037
2037 2070 2071
2037 2071 2038
2038 2071 2072
2038 2072 2039
2039 2072 2073
2039 2073 2040
2040 2073 2074
2040 2074 2041
2041 2074 2075
2041 2075 2042
2042 2075 2076
2043 2077 2044
2044 2077 2078
2044 2078 2045
2045 2078 2079
2045 2079 2046
2046 2079 2080
2046 2080 2047
2047 2080 2081
2047 2081 2048
2048 2081 2082
2048 2082 2049
2049 2082 2083
2049 2083 2050
2050 2083 2084
2050 2084 2051
2051 2084 2085
2051 2085 2052
2052 2085 2086
2052 2086 2053
2053 2086 2087
2053 2087 2054
2054 2087 2088
2054 2088 2055
2055 2088 2089
2055 2089 2056
2056 2089 2090
2056 2090 2057
2057 2090 2091
2057 2091 2058
2058 2091 2092
2058 2092 2059
2059 2092 2093
2059 2093 2060
2060 2093 2094
2060 2094 2061
2061 2094 2095
2061 2095 2062
2062 2095 2096
2062 2096 2063
2063 2096 2097
2063 2097 2064
2064 2097 2098
2064 2098 2065
2065 2098 2099
2065 2099 2066
2066 2099 2100
2066 2100 2067
2067 2100 2101
2067 2101 2068
2068 2101 2102
2068 2102 2069
2069 2102 2103
2069 2103 2070
2070 2103 2104
2070 2104 2071
2071 2104 2105
2071 2105 2072
2072 2105 2106
2072 2106 2073
2073 2106 2107
2073 2107 2074
2074 2107 2108
2074 2108 2075
2075 2108 2109
2075 2109 2076
2077 2110 2111
2077 2111 2078
2078 2111 2112
2078 2112 2079
2079 2112 2113
2079 2113 2080
2080 2113 2114
2080 2114 2081
2081 2114 2115
2081 2115 2082
2082 2115 2116
2082 2116 2083
2083 2116 2117
2083 2117 2084
2084 2117 2118
2084 2118 2085
2085 2118 2119
2085 2119 2086
2086 2119 2120
2086 2120 2087
2087 2120 2121
2087 2121 2088
2088 2121 2122
2088 2122 2089
2089 2122 2123
2089 2123 2090
2090 2123 2124
2090 2124 2091
2091 2124 2125
2091 2125 2092
2092 2125 2126
2092 2126 2093
2093 2126 2127
2093 2127 2094
2094 2127 2128
2094 2128 2095
2095 2128 2129
2095 2129 2096
2096 2129 2130
2096 2130 2097
2097 2130 2131
2097 2131 2098
2098 2131 2132
2098 2132 2099
2099 2132 2133
2099 2133 2100
2100 2133 2134
2100 2134 2101
2101 2134 2135
2101 2135 2102
2102 2135 2136
2102 2136 2103
2103 2136 2137
2103 2137 2104
2104 2137 2138
2104 2138 2105
2105 2138 2139
2105 2139 2106
2106 2139 2140
2106 2140 2107
2107 2140 2141
2107 2141 2108
2108 2141 2142
2108 2142 2109
2109 2142 2143
2110 2144 2111
2111 2144 2145
2111 2145 2112
2112 2145 2146
2112 2146 2113
2113 2146 2147
2113 2147 2114
2114 2147 2148
2114 2148 2115
2115 2148 2149
2115 2149 2116
2116 2149 2150
2116 2150 2117
2117 2150 2151
2117 2151 2118
2118 2151 2152
2118 2152 2119
2119 2152 2153
2119 2153 2120
2120 2153 2154
2120 2154 2121
2121 2154 2155
2121 2155 2122
2122 2155 2156
2122 2156 2123
2123 2156 2157
2123 2157 2124
2124 2157 2158
2124 2158 2125
2125 2158 2159
2125 2159 2126
2126 2159 2160
2126 2160 2127
2127 2160 2161
2127 2161 2128
2128 2161 2162
2128 2162 2129
2129 2162 2163
2129 2163 2130
2130 2163 2164
2130 2164 2131
2131 2164 2165
2131 2165 2132
2132 2165 2166
2132 2166 2133
2133 2166 2167
2133 2167 2134
2134 2167 2168
2134 2168 2135
2135 2168 2169
2135 2169 2136
2136 2169 2170
2136 2170 2137
2137 2170 2171
2137 2171 2138
2138 2171 2172
2138 2172 2139
2139 2172 2173
2139 2173 2140
2140 2173 2174
2140 2174 2141
2141 2174 2175
2141 2175 2142
2142 2175 2176
2142 2176 2143
2144 2177 2178
2144 2178 2145
2145 2178 2179
2145 2179 2146
2146 2179 2180
2146 2180 2147
2147 2180 2181
2147 2181 2148
2148 2181 2182
2148 2182 2149
2149 2182 2183
2149 2183 2150
2150 2183 2184
2150 2184 2151
2151 2184 2185
2151 2185 2152
2152 2185 2186
2152 2186 2153
2153 2186 2187
2153 2187 2154
2154 2187 2188
2154 2188 2155
2155 2188 2189
2155 2189 2156
2156 2189 2190
2156 2190 2157
2157 2190 2191
2157 2191 2158
2158 2191 2192
2158 2192 2159
2159 2192 2193
2159 2193 2160
2160 2193 2194
2160 2194 2161
2161 2194 2195
2161 2195 2162
2162 2195 2196
2162 2196 2163
2163 2196 2197
2163 2197 2164
2164 2197 2198
2164 2198 2165
2165 2198 2199
2165 2199 2166
2166 2199 2200
2166 2200 2167
2167 2200 2201
2167 2201 2168
2168 2201 2202
2168 2202 2169
2169 2202 2203
2169 2203 2170
2170 2203 2204
2170 2204 2171
2171 2204 2205
2171 2205 2172
2172 2205 2206
2172 2206 2173
2173 2206 2207
2173 2207 2174
2174 2207 2208
2174 2208 2175
2175 2208 2209
2175 2209 2176
2176 2209 2210
2177 2211 2178
2178 2211 2212
2178 2212 2179
2179 2212 2213
2179 2213 2180
2180 2213 2214
2180 2214 2181
2181 2214 2215
2181 2215 2182
2182 2215 2216
2182 2216 2183
2183 2216 2217
2183 2217 2184
2184 2217 2218
2184 2218 2185
2185 2218 2219
2185 2219 2186
2186 2219 2220
2186 2220 2187
2187 2220 2221
2187 2221 2188
2188 2221 2222
2188 2222 2189
2189 2222 2223
2189 2223 2190
2190 2223 2224
2190 2224 2191
2191 2224 2225
2191 2225 2192
2192 2225 2226
2192 2226 2193
2193 2226 2227
2193 2227 2194
2194 2227 2228
2194 2228 2195
2195 2228 2229
2195 2229 2196
2196 2229 2230
2196 2230 2197
2197 2230 2231
2197 2231 2198
2198 2231 2232
2198 2232 2199
2199 2232 2233
2199 2233 2200
2200 2233 2234
2200 2234 2201
2201 2234 2235
2201 2235 2202
2202 2235 2236
2202 2236 2203
2203 2236 2237
2203 2237 2204
2204 2237 2238
2204 2238 2205
2205 2238 2239
2205 2239 2206
2206 2239 2240
2206 2240 2207
2207 2240 2241
2207 2241 2208
2208 2241 2242
2208 2242 2209
2209 2242 2243
2209 2243 2210
2211 2244 2245
2211 2245 2212
2212 2245 2246
2212 2246 2213
2213 2246 2247
2213 2247 2214
2214 2247 2248
2214 2248 2215
2215 2248 2249
2215 2249 2216
2216 2249 2250
2216 2250 2217
2217 2250 2251
2217 2251 2218
2218 2251 2252
2218 2252 2219
2219 2252 2253
2219 2253 2220
2220 2253 2254
2220 2254 2221
2221 2254 2255
2221 2255 2222
2222 2255 2256
2222 2256 2223
2223 2256 2257
2223 2257 2224
2224 2257 2258
2224 2258 2225
2225 2258 2259
2225 2259 2226
2226 2259 2260
2226 2260 2227
2227 2260 2261
2227 2261 2228
2228 2261 2262
2228 2262 2229
2229 2262 2263
2229 2263 2230
2230 2263 2264
2230 2264 2231
2231 2264 2265
2231 2265 2232
2232 2265 2266
2232 2266 2233
2233 2266 2267
2233 2267 2234
2234 2267 2268
2234 2268 2235
2235 2268 2269
2235 2269 2236
2236 2269 2270
2236 2270 2237
2237 2270 2271
2237 2271 2238
2238 2271 2272
2238 2272 2239
2239 2272 2273
2239 2273 2240
2240 2273 2274
2240 2274 2241
2241 2274 2275
2241 2275 2242
2242 2275 2276
2242 2276 2243
2243 2276 2277
2244 2278 2245
2245 2278 2279
2245 2279 2246
2246 2279 2280
2246 2280 2247
2247 2280 2281
2247 2281 2248
2248 2281 2282
2248 2282 2249
2249 2282 2283
2249 2283 2250
2250 2283 2284
2250 2284 2251
2251 2284 2285
2251 2285 2252
2252 2285 2286
2252 2286 2253
2253 2286 2287
2253 2287 2254
2254 2287 2288
2254 2288 2255
2255 2288 2289
2255 2289 2256
2256 2289 2290
2256 2290 2257
2257 2290 2291
2257 2291 2258
2258 2291 2292
2258 2292 2259
2259 2292 2293
2259 2293 2260
2260 2293 2294
2260 2294 2261
2261 2294 2295
2261 2295 2262
2262 2295 2296
2262 2296 2263
2263 2296 2297
2263 2297 2264
2264 2297 2298
2264 2298 2265
2265 2298 2299
2265 2299 2266
2266 2299 2300
2266 2300 2267
2267 2300 2301
2267 2301 2268
2268 2301 2302
2268 2302 2269
2269 2302 2303
2269 2303 2270
2270 2303 2304
2270 2304 2271
2271 2304 2305
2271 2305 2272
2272 2305 2306
2272 2306 2273
2273 2306 2307
2273 2307 2274
2274 2307 2308
2274 2308 2275
2275 2308 2309
2275 2309 2276
2276 2309 2310
2276 2310 2277
2278 2311 2312
2278 2312 2279
2279 2312 2313
2279 2313 2280
2280 2313 2314
2280 2314 2281
2281 2314 2315
2281 2315 2282
2282 2315 2316
2282 2316 2283
2283 2316 2317
2283 2317 2284
2284 2317 2318
2284 2318 2285
2285 2318 2319
2285 2319 2286
2286 2319 2320
2286 2320 2287
2287 2320 2321
2287 2321 2288
2288 2321 2322
2288 2322 2289
2289 2322 2323
2289 2323 2290
2290 2323 2324
2290 2324 2291
2291 2324 2325
2291 2325 2292
2292 2325 2326
2292 2326 2293
2293 2326 2327
2293 2327 2294
2294 2327 2328
2294 2328 2295
2295 2328 2329
2295 2329 2296
2296 2329 2330
2296 2330 2297
2297 2330 2331
2297 2331 2298
2298 2331 2332
2298 2332 2299
2299 2332 2333
2299 2333 2300
2300 2333 2334
2300 2334 2301
2301 2334 2335
2301 2335 2302
2302 2335 2336
2302 2336 2303
2303 2336 2337
2303 2337 2304
2304 2337 2338
2304 2338 2305
2305 2338 2339
2305 2339 2306
2306 2339 2340
2306 2340 2307
2307 2340 2341
2307 2341 2308
2308 2341 2342
2308 2342 2309
2309 2342 2343
2309 2343 2310
2310 2343 2344
2311 2345 2312
2312 2345 2346
2312 2346 2313
2313 2346 2347
2313 2347 2314
2314 2347 2348
2314 2348 2315
2315 2348 2349
2315 2349 2316
2316 2349 2350
2316 2350 2317
2317 2350 2351
2317 2351 2318
2318 2351 2352
2318 2352 2319
2319 2352 2353
2319 2353 2320
2320 2353 2354
2320 2354 2321
2321 2354 2355
2321 2355 2322
2322 2355 2356
2322 2356 2323
2323 2356 2357
2323 2357 2324
2324 2357 2358
2324 2358 2325
2325 2358 2359
2325 2359 2326
2326 2359 2360
2326 2360 2327
2327 2360 2361
2327 2361 2328
2328 2361 2362
2328 2362 2329
2329 2362 2363
2329 2363 2330
2330 2363 2364
2330 2364 2331
2331 2364 2365
2331 2365 2332
2332 2365 2366
2332 2366 2333
2333 2366 2367
2333 2367 2334
2334 2367 2368
2334 2368 2335
2335 2368 2369
2335 2369 2336
2336 2369 2370
2336 2370 2337
2337 2370 2371
2337 2371 2338
2338 2371 2372
2338 2372 2339
2339 2372 2373
2339 2373 2340
2340 2373 2374
2340 2374 2341
2341 2374 2375
2341 2375 2342
2342 2375 2376
2342 2376 2343
2343 2376 2377
2343 2377 2344
2345 2378 2379
2345 2379 2346
2346 2379 2380
2346 2380 2347
2347 2380 2381
2347 2381 2348
2348 2381 2382
2348 2382 2349
2349 2382 2383
2349 2383 2350
2350 2383 2384
2350 2384 2351
2351 2384 2385
2351 2385 2352
2352 2385 2386
2352 2386 2353
2353 2386 2387
2353 2387 2354
2354 2387 2388
2354 2388 2355
2355 2388 2389
2355 2389 2356
2356 2389 2390
2356 2390 2357
2357 2390 2391
2357 2391 2358
2358 2391 2392
2358 2392 2359
2359 2392 2393
2359 2393 2360
2360 2393 2394
2360 2394 2361
2361 2394 2395
2361 2395 2362
2362 2395 2396
2362 2396 2363
2363 2396 2397
2363 2397 2364
2364 2397 2398
2364 2398 2365
2365 2398 2399
2365 2399 2366
2366 2399 2400
2366 2400 2367
2367 2400 2401
2367 2401 2368
2368 2401 2402
2368 2402 2369
2369 2402 2403
2369 2403 2370
2370 2403 2404
2370 2404 2371
2371 2404 2405
2371 2405 2372
2372 2405 2406
2372 2406 2373
2373 2406 2407
2373 2407 2374
2374 2407 2408
2374 2408 2375
2375 2408 2409
2375 2409 2376
2376 2409 2410
2376 2410 2377
2377 2410 2411
2378 2412 2379
2379 2412 2413
2379 2413 2380
2380 2413 2414
2380 2414 2381
2381 2414 2415
2381 2415 2382
2382 2415 2416
2382 2416 2383
2383 2416 2417
2383 2417 2384
2384 2417 2418
2384 2418 2385
2385 2418 2419
2385 2419 2386
2386 2419 2420
2386 2420 2387
2387 2420 2421
2387 2421 2388
2388 2421 2422
2388 2422 2389
2389 2422 2423
2389 2423 2390
2390 2423 2424
2390 2424 2391
2391 2424 2425
2391 2425 2392
2392 2425 2426
2392 2426 2393
2393 2426 2427
2393 2427 2394
2394 2427 2428
2394 2428 2395
2395 2428 2429
2395 2429 2396
2396 2429 2430
2396 2430 2397
2397 2430 2431
2397 2431 2398
2398 2431 2432
2398 2432 2399
2399 2432 2433
2399 2433 2400
2400 2433 2434
2400 2434 2401
2401 2434 2435
2401 2435 2402
2402 2435 2436
2402 2436 2403
2403 2436 2437
2403 2437 2404
2404 2437 2438
2404 2438 2405
2405 2438 2439
2405 2439 2406
2406 2439 2440
2406 2440 2407
2407 2440 2441
2407 2441 2408
2408 2441 2442
2408 2442 2409
2409 2442 2443
2409 2443 2410
2410 2443 2444
2410 2444 2411
1 0 2445
2 1 2446
3 2 2447
4 3 2448
5 4 2449
6 5 2450
7 6 2451
8 7 2452
9 8 2453
10 9 2454
11 10 2455
12 11 2456
13 12 2457
14 13 2458
15 14 2459
16 15 2460
17 16 2461
18 17 2462
19 18 2463
20 19 2464
21 20 2465
22 21 2466
23 22 2467
24 23 2468
25 24 2469
26 25 2470
27 26 2471
28 27 2472
29 28 2473
30 29 2474
31 30 2475
32 31 2476
2412 2413 2477
2413 2414 2478
2414 2415 2479
2415 2416 2480
2416 2417 2481
2417 2418 2482
2418 2419 2483
2419 2420 2484
2420 2421 2485
2421 2422 2486
2422 2423 2487
2423 2424 2488
2424 2425 2489
2425 2426 2490
2426 2427 2491
2427 2428 2492
2428 2429 2493
2429 2430 2494
2430 2431 2495
2431 2432 2496
2432 2433 2497
2433 2434 2498
2434 2435 2499
2435 2436 2500
2436 2437 2501
2437 2438 2502
2438 2439 2503
2439 2440 2504
2440 2441 2505
2441 2442 2506
2442 2443 2507
2443 2444 2508
1406 1372 2509
99 66 2510
1741 1707 2511
166 133 2512
2076 2042 2513
233 200 2514
2411 2377 2515
300 267 2516
334 300 2517
367 334 2518
669 635 2519
434 401 2520
1004 970 2521
501 468 2522
1339 1305 2523
568 535 2524
1674 1640 2525
635 602 2526
2009 1975 2527
702 669 2528
2344 2310 2529
769 736 2530
267 233 2531
836 803 2532
602 568 2533
903 870 2534
937 903 2535
970 937 2536
1272 1238 2537
1037 1004 2538
1607 1573 2539
1104 1071 2540
1942 1908 2541
1171 1138 2542
2277 2243 2543
1238 1205 2544
200 166 2545
1305 1272 2546
535 501 2547
1372 1339 2548
870 836 2549
1439 1406 2550
1205 1171 2551
1506 1473 2552
1540 1506 2553
1573 1540 2554
1875 1841 2555
1640 1607 2556
2210 2176 2557
1707 1674 2558
133 99 2559
1774 1741 2560
468 434 2561
1841 1808 2562
803 769 2563
1908 1875 2564
1138 1104 2565
1975 1942 2566
1473 1439 2567
2042 2009 2568
1808 1774 2569
2109 2076 2570
2143 2109 2571
2176 2143 2572
66 32 2573
2243 2210 2574
401 367 2575
2310 2277 2576
736 702 2577
2377 2344 2578
1071 1037 2579
2444 2411 2580
0 33 2581
33 67 2582
67 100 2583
100 134 2584
134 167 2585
167 201 2586
201 234 2587
234 268 2588
268 301 2589
301 335 2590
335 368 2591
368 402 2592
402 435 2593
435 469 2594
469 502 2595
502 536 2596
536 569 2597
569 603 2598
603 636 2599
636 670 2600
670 703 2601
703 737 2602
737 770 2603
770 804 2604
804 837 2605
837 871 2606
871 904 2607
904 938 2608
938 971 2609
971 1005 2610
1005 1038 2611
1038 1072 2612
1072 1105 2613
1105 1139 2614
1139 1172 2615
1172 1206 2616
1206 1239 2617
1239 1273 2618
1273 1306 2619
1306 1340 2620
1340 1373 2621
1373 1407 2622
1407 1440 2623
1440 1474 2624
1474 1507 2625
1507 1541 2626
1541 1574 2627
1574 1608 2628
1608 1641 2629
1641 1675 2630
1675 1708 2631
1708 1742 2632
1742 1775 2633
1775 1809 2634
1809 1842 2635
1842 1876 2636
1876 1909 2637
1909 1943 2638
1943 1976 2639
1976 2010 2640
2010 2043 2641
2043 2077 2642
2077 2110 2643
2110 2144 2644
2144 2177 2645
2177 2211 2646
2211 2244 2647
2244 2278 2648
2278 2311 2649
2311 2345 2650
2345 2378 2651
2378 2412 2652
