# 4888 3
4816 65 1
0 2 4680
1 67 3
2 4 4681
3 69 5
4 6 4682
5 71 7
6 8 4683
7 73 9
8 10 4684
9 75 11
10 12 4685
11 77 13
12 14 4686
13 79 15
14 16 4687
15 81 17
16 18 4688
17 83 19
18 20 4689
19 85 21
20 22 4690
21 87 23
22 24 4691
23 89 25
24 26 4692
25 91 27
26 28 4693
27 93 29
28 30 4694
29 95 31
30 32 4695
31 97 33
32 34 4696
33 99 35
34 36 4697
35 101 37
36 38 4698
37 103 39
38 40 4699
39 105 41
40 42 4700
41 107 43
42 44 4701
43 109 45
44 46 4702
45 111 47
46 48 4703
47 113 49
48 50 4704
49 115 51
50 52 4705
51 117 53
52 54 4706
53 119 55
54 56 4707
55 121 57
56 58 4708
57 123 59
58 60 4709
59 125 61
60 62 4710
61 127 63
62 64 4711
63 129 4744
4817 66 0
65 131 67
66 68 2
67 133 69
68 70 4
69 135 71
70 72 6
71 137 73
72 74 8
73 139 75
74 76 10
75 141 77
76 78 12
77 143 79
78 80 14
79 145 81
80 82 16
81 147 83
82 84 18
83 149 85
84 86 20
85 151 87
86 88 22
87 153 89
88 90 24
89 155 91
90 92 26
91 157 93
92 94 28
93 159 95
94 96 30
95 161 97
96 98 32
97 163 99
98 100 34
99 165 101
100 102 36
101 167 103
102 104 38
103 169 105
104 106 40
105 171 107
106 108 42
107 173 109
108 110 44
109 175 111
110 112 46
111 177 113
112 114 48
113 179 115
114 116 50
115 181 117
116 118 52
117 183 119
118 120 54
119 185 121
120 122 56
121 187 123
122 124 58
123 189 125
124 126 60
125 191 127
126 128 62
127 193 129
128 4745 64
4818 195 131
130 132 66
131 197 133
132 134 68
133 199 135
134 136 70
135 201 137
136 138 72
137 203 139
138 140 74
139 205 141
140 142 76
141 207 143
142 144 78
143 209 145
144 146 80
145 211 147
146 148 82
147 213 149
148 150 84
149 215 151
150 152 86
151 217 153
152 154 88
153 219 155
154 156 90
155 221 157
156 158 92
157 223 159
158 160 94
159 225 161
160 162 96
161 227 163
162 164 98
163 229 165
164 166 100
165 231 167
166 168 102
167 233 169
168 170 104
169 235 171
170 172 106
171 237 173
172 174 108
173 239 175
174 176 110
175 241 177
176 178 112
177 243 179
178 180 114
179 245 181
180 182 116
181 247 183
182 184 118
183 249 185
184 186 120
185 251 187
186 188 122
187 253 189
188 190 124
189 255 191
190 192 126
191 257 193
192 194 128
193 259 4746
4819 196 130
195 261 197
196 198 132
197 263 199
198 200 134
199 265 201
200 202 136
201 267 203
202 204 138
203 269 205
204 206 140
205 271 207
206 208 142
207 273 209
208 210 144
209 275 211
210 212 146
211 277 213
212 214 148
213 279 215
214 216 150
215 281 217
216 218 152
217 283 219
218 220 154
219 285 221
220 222 156
221 287 223
222 224 158
223 289 225
224 226 160
225 291 227
226 228 162
227 293 229
228 230 164
229 295 231
230 232 166
231 297 233
232 234 168
233 299 235
234 236 170
235 301 237
236 238 172
237 303 239
238 240 174
239 305 241
240 242 176
241 307 243
242 244 178
243 309 245
244 246 180
245 311 247
246 248 182
247 313 249
248 250 184
249 315 251
250 252 186
251 317 253
252 254 188
253 319 255
254 256 190
255 321 257
256 258 192
257 323 259
258 4747 194
4820 325 261
260 262 196
261 327 263
262 264 198
263 329 265
264 266 200
265 331 267
266 268 202
267 333 269
268 270 204
269 335 271
270 272 206
271 337 273
272 274 208
273 339 275
274 276 210
275 341 277
276 278 212
277 343 279
278 280 214
279 345 281
280 282 216
281 347 283
282 284 218
283 349 285
284 286 220
285 351 287
286 288 222
287 353 289
288 290 224
289 355 291
290 292 226
291 357 293
292 294 228
293 359 295
294 296 230
295 361 297
296 298 232
297 363 299
298 300 234
299 365 301
300 302 236
301 367 303
302 304 238
303 369 305
304 306 240
305 371 307
306 308 242
307 373 309
308 310 244
309 375 311
310 312 246
311 377 313
312 314 248
313 379 315
314 316 250
315 381 317
316 318 252
317 383 319
318 320 254
319 385 321
320 322 256
321 387 323
322 324 258
323 389 4748
4821 326 260
325 391 327
326 328 262
327 393 329
328 330 264
329 395 331
330 332 266
331 397 333
332 334 268
333 399 335
334 336 270
335 401 337
336 338 272
337 403 339
338 340 274
339 405 341
340 342 276
341 407 343
342 344 278
343 409 345
344 346 280
345 411 347
346 348 282
347 413 349
348 350 284
349 415 351
350 352 286
351 417 353
352 354 288
353 419 355
354 356 290
355 421 357
356 358 292
357 423 359
358 360 294
359 425 361
360 362 296
361 427 363
362 364 298
363 429 365
364 366 300
365 431 367
366 368 302
367 433 369
368 370 304
369 435 371
370 372 306
371 437 373
372 374 308
373 439 375
374 376 310
375 441 377
376 378 312
377 443 379
378 380 314
379 445 381
380 382 316
381 447 383
382 384 318
383 449 385
384 386 320
385 451 387
386 388 322
387 453 389
388 4749 324
4822 455 391
390 392 326
391 457 393
392 394 328
393 459 395
394 396 330
395 461 397
396 398 332
397 463 399
398 400 334
399 465 401
400 402 336
401 467 403
402 404 338
403 469 405
404 406 340
405 471 407
406 408 342
407 473 409
408 410 344
409 475 411
410 412 346
411 477 413
412 414 348
413 479 415
414 416 350
415 481 417
416 418 352
417 483 419
418 420 354
419 485 421
420 422 356
421 487 423
422 424 358
423 489 425
424 426 360
425 491 427
426 428 362
427 493 429
428 430 364
429 495 431
430 432 366
431 497 433
432 434 368
433 499 435
434 436 370
435 501 437
436 438 372
437 503 439
438 440 374
439 505 441
440 442 376
441 507 443
442 444 378
443 509 445
444 446 380
445 511 447
446 448 382
447 513 449
448 450 384
449 515 451
450 452 386
451 517 453
452 454 388
453 519 4750
4823 456 390
455 521 457
456 458 392
457 523 459
458 460 394
459 525 461
460 462 396
461 527 463
462 464 398
463 529 465
464 466 400
465 531 467
466 468 402
467 533 469
468 470 404
469 535 471
470 472 406
471 537 473
472 474 408
473 539 475
474 476 410
475 541 477
476 478 412
477 543 479
478 480 414
479 545 481
480 482 416
481 547 483
482 484 418
483 549 485
484 486 420
485 551 487
486 488 422
487 553 489
488 490 424
489 555 491
490 492 426
491 557 493
492 494 428
493 559 495
494 496 430
495 561 497
496 498 432
497 563 499
498 500 434
499 565 501
500 502 436
501 567 503
502 504 438
503 569 505
504 506 440
505 571 507
506 508 442
507 573 509
508 510 444
509 575 511
510 512 446
511 577 513
512 514 448
513 579 515
514 516 450
515 581 517
516 518 452
517 583 519
518 4751 454
4824 585 521
520 522 456
521 587 523
522 524 458
523 589 525
524 526 460
525 591 527
526 528 462
527 593 529
528 530 464
529 595 531
530 532 466
531 597 533
532 534 468
533 599 535
534 536 470
535 601 537
536 538 472
537 603 539
538 540 474
539 605 541
540 542 476
541 607 543
542 544 478
543 609 545
544 546 480
545 611 547
546 548 482
547 613 549
548 550 484
549 615 551
550 552 486
551 617 553
552 554 488
553 619 555
554 556 490
555 621 557
556 558 492
557 623 559
558 560 494
559 625 561
560 562 496
561 627 563
562 564 498
563 629 565
564 566 500
565 631 567
566 568 502
567 633 569
568 570 504
569 635 571
570 572 506
571 637 573
572 574 508
573 639 575
574 576 510
575 641 577
576 578 512
577 643 579
578 580 514
579 645 581
580 582 516
581 647 583
582 584 518
583 649 4752
4825 586 520
585 651 587
586 588 522
587 653 589
588 590 524
589 655 591
590 592 526
591 657 593
592 594 528
593 659 595
594 596 530
595 661 597
596 598 532
597 663 599
598 600 534
599 665 601
600 602 536
601 667 603
602 604 538
603 669 605
604 606 540
605 671 607
606 608 542
607 673 609
608 610 544
609 675 611
610 612 546
611 677 613
612 614 548
613 679 615
614 616 550
615 681 617
616 618 552
617 683 619
618 620 554
619 685 621
620 622 556
621 687 623
622 624 558
623 689 625
624 626 560
625 691 627
626 628 562
627 693 629
628 630 564
629 695 631
630 632 566
631 697 633
632 634 568
633 699 635
634 636 570
635 701 637
636 638 572
637 703 639
638 640 574
639 705 641
640 642 576
641 707 643
642 644 578
643 709 645
644 646 580
645 711 647
646 648 582
647 713 649
648 4753 584
4826 715 651
650 652 586
651 717 653
652 654 588
653 719 655
654 656 590
655 721 657
656 658 592
657 723 659
658 660 594
659 725 661
660 662 596
661 727 663
662 664 598
663 729 665
664 666 600
665 731 667
666 668 602
667 733 669
668 670 604
669 735 671
670 672 606
671 737 673
672 674 608
673 739 675
674 676 610
675 741 677
676 678 612
677 743 679
678 680 614
679 745 681
680 682 616
681 747 683
682 684 618
683 749 685
684 686 620
685 751 687
686 688 622
687 753 689
688 690 624
689 755 691
690 692 626
691 757 693
692 694 628
693 759 695
694 696 630
695 761 697
696 698 632
697 763 699
698 700 634
699 765 701
700 702 636
701 767 703
702 704 638
703 769 705
704 706 640
705 771 707
706 708 642
707 773 709
708 710 644
709 775 711
710 712 646
711 777 713
712 714 648
713 779 4754
4827 716 650
715 781 717
716 718 652
717 783 719
718 720 654
719 785 721
720 722 656
721 787 723
722 724 658
723 789 725
724 726 660
725 791 727
726 728 662
727 793 729
728 730 664
729 795 731
730 732 666
731 797 733
732 734 668
733 799 735
734 736 670
735 801 737
736 738 672
737 803 739
738 740 674
739 805 741
740 742 676
741 807 743
742 744 678
743 809 745
744 746 680
745 811 747
746 748 682
747 813 749
748 750 684
749 815 751
750 752 686
751 817 753
752 754 688
753 819 755
754 756 690
755 821 757
756 758 692
757 823 759
758 760 694
759 825 761
760 762 696
761 827 763
762 764 698
763 829 765
764 766 700
765 831 767
766 768 702
767 833 769
768 770 704
769 835 771
770 772 706
771 837 773
772 774 708
773 839 775
774 776 710
775 841 777
776 778 712
777 843 779
778 4755 714
4828 845 781
780 782 716
781 847 783
782 784 718
783 849 785
784 786 720
785 851 787
786 788 722
787 853 789
788 790 724
789 855 791
790 792 726
791 857 793
792 794 728
793 859 795
794 796 730
795 861 797
796 798 732
797 863 799
798 800 734
799 865 801
800 802 736
801 867 803
802 804 738
803 869 805
804 806 740
805 871 807
806 808 742
807 873 809
808 810 744
809 875 811
810 812 746
811 877 813
812 814 748
813 879 815
814 816 750
815 881 817
816 818 752
817 883 819
818 820 754
819 885 821
820 822 756
821 887 823
822 824 758
823 889 825
824 826 760
825 891 827
826 828 762
827 893 829
828 830 764
829 895 831
830 832 766
831 897 833
832 834 768
833 899 835
834 836 770
835 901 837
836 838 772
837 903 839
838 840 774
839 905 841
840 842 776
841 907 843
842 844 778
843 909 4756
4829 846 780
845 911 847
846 848 782
847 913 849
848 850 784
849 915 851
850 852 786
851 917 853
852 854 788
853 919 855
854 856 790
855 921 857
856 858 792
857 923 859
858 860 794
859 925 861
860 862 796
861 927 863
862 864 798
863 929 865
864 866 800
865 931 867
866 868 802
867 933 869
868 870 804
869 935 871
870 872 806
871 937 873
872 874 808
873 939 875
874 876 810
875 941 877
876 878 812
877 943 879
878 880 814
879 945 881
880 882 816
881 947 883
882 884 818
883 949 885
884 886 820
885 951 887
886 888 822
887 953 889
888 890 824
889 955 891
890 892 826
891 957 893
892 894 828
893 959 895
894 896 830
895 961 897
896 898 832
897 963 899
898 900 834
899 965 901
900 902 836
901 967 903
902 904 838
903 969 905
904 906 840
905 971 907
906 908 842
907 973 909
908 4757 844
4830 975 911
910 912 846
911 977 913
912 914 848
913 979 915
914 916 850
915 981 917
916 918 852
917 983 919
918 920 854
919 985 921
920 922 856
921 987 923
922 924 858
923 989 925
924 926 860
925 991 927
926 928 862
927 993 929
928 930 864
929 995 931
930 932 866
931 997 933
932 934 868
933 999 935
934 936 870
935 1001 937
936 938 872
937 1003 939
938 940 874
939 1005 941
940 942 876
941 1007 943
942 944 878
943 1009 945
944 946 880
945 1011 947
946 948 882
947 1013 949
948 950 884
949 1015 951
950 952 886
951 1017 953
952 954 888
953 1019 955
954 956 890
955 1021 957
956 958 892
957 1023 959
958 960 894
959 1025 961
960 962 896
961 1027 963
962 964 898
963 1029 965
964 966 900
965 1031 967
966 968 902
967 1033 969
968 970 904
969 1035 971
970 972 906
971 1037 973
972 974 908
973 1039 4758
4831 976 910
975 1041 977
976 978 912
977 1043 979
978 980 914
979 1045 981
980 982 916
981 1047 983
982 984 918
983 1049 985
984 986 920
985 1051 987
986 988 922
987 1053 989
988 990 924
989 1055 991
990 992 926
991 1057 993
992 994 928
993 1059 995
994 996 930
995 1061 997
996 998 932
997 1063 999
998 1000 934
999 1065 1001
1000 1002 936
1001 1067 1003
1002 1004 938
1003 1069 1005
1004 1006 940
1005 1071 1007
1006 1008 942
1007 1073 1009
1008 1010 944
1009 1075 1011
1010 1012 946
1011 1077 1013
1012 1014 948
1013 1079 1015
1014 1016 950
1015 1081 1017
1016 1018 952
1017 1083 1019
1018 1020 954
1019 1085 1021
1020 1022 956
1021 1087 1023
1022 1024 958
1023 1089 1025
1024 1026 960
1025 1091 1027
1026 1028 962
1027 1093 1029
1028 1030 964
1029 1095 1031
1030 1032 966
1031 1097 1033
1032 1034 968
1033 1099 1035
1034 1036 970
1035 1101 1037
1036 1038 972
1037 1103 1039
1038 4759 974
4832 1105 1041
1040 1042 976
1041 1107 1043
1042 1044 978
1043 1109 1045
1044 1046 980
1045 1111 1047
1046 1048 982
1047 1113 1049
1048 1050 984
1049 1115 1051
1050 1052 986
1051 1117 1053
1052 1054 988
1053 1119 1055
1054 1056 990
1055 1121 1057
1056 1058 992
1057 1123 1059
1058 1060 994
1059 1125 1061
1060 1062 996
1061 1127 1063
1062 1064 998
1063 1129 1065
1064 1066 1000
1065 1131 1067
1066 1068 1002
1067 1133 1069
1068 1070 1004
1069 1135 1071
1070 1072 1006
1071 1137 1073
1072 1074 1008
1073 1139 1075
1074 1076 1010
1075 1141 1077
1076 1078 1012
1077 1143 1079
1078 1080 1014
1079 1145 1081
1080 1082 1016
1081 1147 1083
1082 1084 1018
1083 1149 1085
1084 1086 1020
1085 1151 1087
1086 1088 1022
1087 1153 1089
1088 1090 1024
1089 1155 1091
1090 1092 1026
1091 1157 1093
1092 1094 1028
1093 1159 1095
1094 1096 1030
1095 1161 1097
1096 1098 1032
1097 1163 1099
1098 1100 1034
1099 1165 1101
1100 1102 1036
1101 1167 1103
1102 1104 1038
1103 1169 4760
4833 1106 1040
1105 1171 1107
1106 1108 1042
1107 1173 1109
1108 1110 1044
1109 1175 1111
1110 1112 1046
1111 1177 1113
1112 1114 1048
1113 1179 1115
1114 1116 1050
1115 1181 1117
1116 1118 1052
1117 1183 1119
1118 1120 1054
1119 1185 1121
1120 1122 1056
1121 1187 1123
1122 1124 1058
1123 1189 1125
1124 1126 1060
1125 1191 1127
1126 1128 1062
1127 1193 1129
1128 1130 1064
1129 1195 1131
1130 1132 1066
1131 1197 1133
1132 1134 1068
1133 1199 1135
1134 1136 1070
1135 1201 1137
1136 1138 1072
1137 1203 1139
1138 1140 1074
1139 1205 1141
1140 1142 1076
1141 1207 1143
1142 1144 1078
1143 1209 1145
1144 1146 1080
1145 1211 1147
1146 1148 1082
1147 1213 1149
1148 1150 1084
1149 1215 1151
1150 1152 1086
1151 1217 1153
1152 1154 1088
1153 1219 1155
1154 1156 1090
1155 1221 1157
1156 1158 1092
1157 1223 1159
1158 1160 1094
1159 1225 1161
1160 1162 1096
1161 1227 1163
1162 1164 1098
1163 1229 1165
1164 1166 1100
1165 1231 1167
1166 1168 1102
1167 1233 1169
1168 4761 1104
4834 1235 1171
1170 1172 1106
1171 1237 1173
1172 1174 1108
1173 1239 1175
1174 1176 1110
1175 1241 1177
1176 1178 1112
1177 1243 1179
1178 1180 1114
1179 1245 1181
1180 1182 1116
1181 1247 1183
1182 1184 1118
1183 1249 1185
1184 1186 1120
1185 1251 1187
1186 1188 1122
1187 1253 1189
1188 1190 1124
1189 1255 1191
1190 1192 1126
1191 1257 1193
1192 1194 1128
1193 1259 1195
1194 1196 1130
1195 1261 1197
1196 1198 1132
1197 1263 1199
1198 1200 1134
1199 1265 1201
1200 1202 1136
1201 1267 1203
1202 1204 1138
1203 1269 1205
1204 1206 1140
1205 1271 1207
1206 1208 1142
1207 1273 1209
1208 1210 1144
1209 1275 1211
1210 1212 1146
1211 1277 1213
1212 1214 1148
1213 1279 1215
1214 1216 1150
1215 1281 1217
1216 1218 1152
1217 1283 1219
1218 1220 1154
1219 1285 1221
1220 1222 1156
1221 1287 1223
1222 1224 1158
1223 1289 1225
1224 1226 1160
1225 1291 1227
1226 1228 1162
1227 1293 1229
1228 1230 1164
1229 1295 1231
1230 1232 1166
1231 1297 1233
1232 1234 1168
1233 1299 4762
4835 1236 1170
1235 1301 1237
1236 1238 1172
1237 1303 1239
1238 1240 1174
1239 1305 1241
1240 1242 1176
1241 1307 1243
1242 1244 1178
1243 1309 1245
1244 1246 1180
1245 1311 1247
1246 1248 1182
1247 1313 1249
1248 1250 1184
1249 1315 1251
1250 1252 1186
1251 1317 1253
1252 1254 1188
1253 1319 1255
1254 1256 1190
1255 1321 1257
1256 1258 1192
1257 1323 1259
1258 1260 1194
1259 1325 1261
1260 1262 1196
1261 1327 1263
1262 1264 1198
1263 1329 1265
1264 1266 1200
1265 1331 1267
1266 1268 1202
1267 1333 1269
1268 1270 1204
1269 1335 1271
1270 1272 1206
1271 1337 1273
1272 1274 1208
1273 1339 1275
1274 1276 1210
1275 1341 1277
1276 1278 1212
1277 1343 1279
1278 1280 1214
1279 1345 1281
1280 1282 1216
1281 1347 1283
1282 1284 1218
1283 1349 1285
1284 1286 1220
1285 1351 1287
1286 1288 1222
1287 1353 1289
1288 1290 1224
1289 1355 1291
1290 1292 1226
1291 1357 1293
1292 1294 1228
1293 1359 1295
1294 1296 1230
1295 1361 1297
1296 1298 1232
1297 1363 1299
1298 4763 1234
4836 1365 1301
1300 1302 1236
1301 1367 1303
1302 1304 1238
1303 1369 1305
1304 1306 1240
1305 1371 1307
1306 1308 1242
1307 1373 1309
1308 1310 1244
1309 1375 1311
1310 1312 1246
1311 1377 1313
1312 1314 1248
1313 1379 1315
1314 1316 1250
1315 1381 1317
1316 1318 1252
1317 1383 1319
1318 1320 1254
1319 1385 1321
1320 1322 1256
1321 1387 1323
1322 1324 1258
1323 1389 1325
1324 1326 1260
1325 1391 1327
1326 1328 1262
1327 1393 1329
1328 1330 1264
1329 1395 1331
1330 1332 1266
1331 1397 1333
1332 1334 1268
1333 1399 1335
1334 1336 1270
1335 1401 1337
1336 1338 1272
1337 1403 1339
1338 1340 1274
1339 1405 1341
1340 1342 1276
1341 1407 1343
1342 1344 1278
1343 1409 1345
1344 1346 1280
1345 1411 1347
1346 1348 1282
1347 1413 1349
1348 1350 1284
1349 1415 1351
1350 1352 1286
1351 1417 1353
1352 1354 1288
1353 1419 1355
1354 1356 1290
1355 1421 1357
1356 1358 1292
1357 1423 1359
1358 1360 1294
1359 1425 1361
1360 1362 1296
1361 1427 1363
1362 1364 1298
1363 1429 4764
4837 1366 1300
1365 1431 1367
1366 1368 1302
1367 1433 1369
1368 1370 1304
1369 1435 1371
1370 1372 1306
1371 1437 1373
1372 1374 1308
1373 1439 1375
1374 1376 1310
1375 1441 1377
1376 1378 1312
1377 1443 1379
1378 1380 1314
1379 1445 1381
1380 1382 1316
1381 1447 1383
1382 1384 1318
1383 1449 1385
1384 1386 1320
1385 1451 1387
1386 1388 1322
1387 1453 1389
1388 1390 1324
1389 1455 1391
1390 1392 1326
1391 1457 1393
1392 1394 1328
1393 1459 1395
1394 1396 1330
1395 1461 1397
1396 1398 1332
1397 1463 1399
1398 1400 1334
1399 1465 1401
1400 1402 1336
1401 1467 1403
1402 1404 1338
1403 1469 1405
1404 1406 1340
1405 1471 1407
1406 1408 1342
1407 1473 1409
1408 1410 1344
1409 1475 1411
1410 1412 1346
1411 1477 1413
1412 1414 1348
1413 1479 1415
1414 1416 1350
1415 1481 1417
1416 1418 1352
1417 1483 1419
1418 1420 1354
1419 1485 1421
1420 1422 1356
1421 1487 1423
1422 1424 1358
1423 1489 1425
1424 1426 1360
1425 1491 1427
1426 1428 1362
1427 1493 1429
1428 4765 1364
4838 1495 1431
1430 1432 1366
1431 1497 1433
1432 1434 1368
1433 1499 1435
1434 1436 1370
1435 1501 1437
1436 1438 1372
1437 1503 1439
1438 1440 1374
1439 1505 1441
1440 1442 1376
1441 1507 1443
1442 1444 1378
1443 1509 1445
1444 1446 1380
1445 1511 1447
1446 1448 1382
1447 1513 1449
1448 1450 1384
1449 1515 1451
1450 1452 1386
1451 1517 1453
1452 1454 1388
1453 1519 1455
1454 1456 1390
1455 1521 1457
1456 1458 1392
1457 1523 1459
1458 1460 1394
1459 1525 1461
1460 1462 1396
1461 1527 1463
1462 1464 1398
1463 1529 1465
1464 1466 1400
1465 1531 1467
1466 1468 1402
1467 1533 1469
1468 1470 1404
1469 1535 1471
1470 1472 1406
1471 1537 1473
1472 1474 1408
1473 1539 1475
1474 1476 1410
1475 1541 1477
1476 1478 1412
1477 1543 1479
1478 1480 1414
1479 1545 1481
1480 1482 1416
1481 1547 1483
1482 1484 1418
1483 1549 1485
1484 1486 1420
1485 1551 1487
1486 1488 1422
1487 1553 1489
1488 1490 1424
1489 1555 1491
1490 1492 1426
1491 1557 1493
1492 1494 1428
1493 1559 4766
4839 1496 1430
1495 1561 1497
1496 1498 1432
1497 1563 1499
1498 1500 1434
1499 1565 1501
1500 1502 1436
1501 1567 1503
1502 1504 1438
1503 1569 1505
1504 1506 1440
1505 1571 1507
1506 1508 1442
1507 1573 1509
1508 1510 1444
1509 1575 1511
1510 1512 1446
1511 1577 1513
1512 1514 1448
1513 1579 1515
1514 1516 1450
1515 1581 1517
1516 1518 1452
1517 1583 1519
1518 1520 1454
1519 1585 1521
1520 1522 1456
1521 1587 1523
1522 1524 1458
1523 1589 1525
1524 1526 1460
1525 1591 1527
1526 1528 1462
1527 1593 1529
1528 1530 1464
1529 1595 1531
1530 1532 1466
1531 1597 1533
1532 1534 1468
1533 1599 1535
1534 1536 1470
1535 1601 1537
1536 1538 1472
1537 1603 1539
1538 1540 1474
1539 1605 1541
1540 1542 1476
1541 1607 1543
1542 1544 1478
1543 1609 1545
1544 1546 1480
1545 1611 1547
1546 1548 1482
1547 1613 1549
1548 1550 1484
1549 1615 1551
1550 1552 1486
1551 1617 1553
1552 1554 1488
1553 1619 1555
1554 1556 1490
1555 1621 1557
1556 1558 1492
1557 1623 1559
1558 4767 1494
4840 1625 1561
1560 1562 1496
1561 1627 1563
1562 1564 1498
1563 1629 1565
1564 1566 1500
1565 1631 1567
1566 1568 1502
1567 1633 1569
1568 1570 1504
1569 1635 1571
1570 1572 1506
1571 1637 1573
1572 1574 1508
1573 1639 1575
1574 1576 1510
1575 1641 1577
1576 1578 1512
1577 1643 1579
1578 1580 1514
1579 1645 1581
1580 1582 1516
1581 1647 1583
1582 1584 1518
1583 1649 1585
1584 1586 1520
1585 1651 1587
1586 1588 1522
1587 1653 1589
1588 1590 1524
1589 1655 1591
1590 1592 1526
1591 1657 1593
1592 1594 1528
1593 1659 1595
1594 1596 1530
1595 1661 1597
1596 1598 1532
1597 1663 1599
1598 1600 1534
1599 1665 1601
1600 1602 1536
1601 1667 1603
1602 1604 1538
1603 1669 1605
1604 1606 1540
1605 1671 1607
1606 1608 1542
1607 1673 1609
1608 1610 1544
1609 1675 1611
1610 1612 1546
1611 1677 1613
1612 1614 1548
1613 1679 1615
1614 1616 1550
1615 1681 1617
1616 1618 1552
1617 1683 1619
1618 1620 1554
1619 1685 1621
1620 1622 1556
1621 1687 1623
1622 1624 1558
1623 1689 4768
4841 1626 1560
1625 1691 1627
1626 1628 1562
1627 1693 1629
1628 1630 1564
1629 1695 1631
1630 1632 1566
1631 1697 1633
1632 1634 1568
1633 1699 1635
1634 1636 1570
1635 1701 1637
1636 1638 1572
1637 1703 1639
1638 1640 1574
1639 1705 1641
1640 1642 1576
1641 1707 1643
1642 1644 1578
1643 1709 1645
1644 1646 1580
1645 1711 1647
1646 1648 1582
1647 1713 1649
1648 1650 1584
1649 1715 1651
1650 1652 1586
1651 1717 1653
1652 1654 1588
1653 1719 1655
1654 1656 1590
1655 1721 1657
1656 1658 1592
1657 1723 1659
1658 1660 1594
1659 1725 1661
1660 1662 1596
1661 1727 1663
1662 1664 1598
1663 1729 1665
1664 1666 1600
1665 1731 1667
1666 1668 1602
1667 1733 1669
1668 1670 1604
1669 1735 1671
1670 1672 1606
1671 1737 1673
1672 1674 1608
1673 1739 1675
1674 1676 1610
1675 1741 1677
1676 1678 1612
1677 1743 1679
1678 1680 1614
1679 1745 1681
1680 1682 1616
1681 1747 1683
1682 1684 1618
1683 1749 1685
1684 1686 1620
1685 1751 1687
1686 1688 1622
1687 1753 1689
1688 4769 1624
4842 1755 1691
1690 1692 1626
1691 1757 1693
1692 1694 1628
1693 1759 1695
1694 1696 1630
1695 1761 1697
1696 1698 1632
1697 1763 1699
1698 1700 1634
1699 1765 1701
1700 1702 1636
1701 1767 1703
1702 1704 1638
1703 1769 1705
1704 1706 1640
1705 1771 1707
1706 1708 1642
1707 1773 1709
1708 1710 1644
1709 1775 1711
1710 1712 1646
1711 1777 1713
1712 1714 1648
1713 1779 1715
1714 1716 1650
1715 1781 1717
1716 1718 1652
1717 1783 1719
1718 1720 1654
1719 1785 1721
1720 1722 1656
1721 1787 1723
1722 1724 1658
1723 1789 1725
1724 1726 1660
1725 1791 1727
1726 1728 1662
1727 1793 1729
1728 1730 1664
1729 1795 1731
1730 1732 1666
1731 1797 1733
1732 1734 1668
1733 1799 1735
1734 1736 1670
1735 1801 1737
1736 1738 1672
1737 1803 1739
1738 1740 1674
1739 1805 1741
1740 1742 1676
1741 1807 1743
1742 1744 1678
1743 1809 1745
1744 1746 1680
1745 1811 1747
1746 1748 1682
1747 1813 1749
1748 1750 1684
1749 1815 1751
1750 1752 1686
1751 1817 1753
1752 1754 1688
1753 1819 4770
4843 1756 1690
1755 1821 1757
1756 1758 1692
1757 1823 1759
1758 1760 1694
1759 1825 1761
1760 1762 1696
1761 1827 1763
1762 1764 1698
1763 1829 1765
1764 1766 1700
1765 1831 1767
1766 1768 1702
1767 1833 1769
1768 1770 1704
1769 1835 1771
1770 1772 1706
1771 1837 1773
1772 1774 1708
1773 1839 1775
1774 1776 1710
1775 1841 1777
1776 1778 1712
1777 1843 1779
1778 1780 1714
1779 1845 1781
1780 1782 1716
1781 1847 1783
1782 1784 1718
1783 1849 1785
1784 1786 1720
1785 1851 1787
1786 1788 1722
1787 1853 1789
1788 1790 1724
1789 1855 1791
1790 1792 1726
1791 1857 1793
1792 1794 1728
1793 1859 1795
1794 1796 1730
1795 1861 1797
1796 1798 1732
1797 1863 1799
1798 1800 1734
1799 1865 1801
1800 1802 1736
1801 1867 1803
1802 1804 1738
1803 1869 1805
1804 1806 1740
1805 1871 1807
1806 1808 1742
1807 1873 1809
1808 1810 1744
1809 1875 1811
1810 1812 1746
1811 1877 1813
1812 1814 1748
1813 1879 1815
1814 1816 1750
1815 1881 1817
1816 1818 1752
1817 1883 1819
1818 4771 1754
4844 1885 1821
1820 1822 1756
1821 1887 1823
1822 1824 1758
1823 1889 1825
1824 1826 1760
1825 1891 1827
1826 1828 1762
1827 1893 1829
1828 1830 1764
1829 1895 1831
1830 1832 1766
1831 1897 1833
1832 1834 1768
1833 1899 1835
1834 1836 1770
1835 1901 1837
1836 1838 1772
1837 1903 1839
1838 1840 1774
1839 1905 1841
1840 1842 1776
1841 1907 1843
1842 1844 1778
1843 1909 1845
1844 1846 1780
1845 1911 1847
1846 1848 1782
1847 1913 1849
1848 1850 1784
1849 1915 1851
1850 1852 1786
1851 1917 1853
1852 1854 1788
1853 1919 1855
1854 1856 1790
1855 1921 1857
1856 1858 1792
1857 1923 1859
1858 1860 1794
1859 1925 1861
1860 1862 1796
1861 1927 1863
1862 1864 1798
1863 1929 1865
1864 1866 1800
1865 1931 1867
1866 1868 1802
1867 1933 1869
1868 1870 1804
1869 1935 1871
1870 1872 1806
1871 1937 1873
1872 1874 1808
1873 1939 1875
1874 1876 1810
1875 1941 1877
1876 1878 1812
1877 1943 1879
1878 1880 1814
1879 1945 1881
1880 1882 1816
1881 1947 1883
1882 1884 1818
1883 1949 4772
4845 1886 1820
1885 1951 1887
1886 1888 1822
1887 1953 1889
1888 1890 1824
1889 1955 1891
1890 1892 1826
1891 1957 1893
1892 1894 1828
1893 1959 1895
1894 1896 1830
1895 1961 1897
1896 1898 1832
1897 1963 1899
1898 1900 1834
1899 1965 1901
1900 1902 1836
1901 1967 1903
1902 1904 1838
1903 1969 1905
1904 1906 1840
1905 1971 1907
1906 1908 1842
1907 1973 1909
1908 1910 1844
1909 1975 1911
1910 1912 1846
1911 1977 1913
1912 1914 1848
1913 1979 1915
1914 1916 1850
1915 1981 1917
1916 1918 1852
1917 1983 1919
1918 1920 1854
1919 1985 1921
1920 1922 1856
1921 1987 1923
1922 1924 1858
1923 1989 1925
1924 1926 1860
1925 1991 1927
1926 1928 1862
1927 1993 1929
1928 1930 1864
1929 1995 1931
1930 1932 1866
1931 1997 1933
1932 1934 1868
1933 1999 1935
1934 1936 1870
1935 2001 1937
1936 1938 1872
1937 2003 1939
1938 1940 1874
1939 2005 1941
1940 1942 1876
1941 2007 1943
1942 1944 1878
1943 2009 1945
1944 1946 1880
1945 2011 1947
1946 1948 1882
1947 2013 1949
1948 4773 1884
4846 2015 1951
1950 1952 1886
1951 2017 1953
1952 1954 1888
1953 2019 1955
1954 1956 1890
1955 2021 1957
1956 1958 1892
1957 2023 1959
1958 1960 1894
1959 2025 1961
1960 1962 1896
1961 2027 1963
1962 1964 1898
1963 2029 1965
1964 1966 1900
1965 2031 1967
1966 1968 1902
1967 2033 1969
1968 1970 1904
1969 2035 1971
1970 1972 1906
1971 2037 1973
1972 1974 1908
1973 2039 1975
1974 1976 1910
1975 2041 1977
1976 1978 1912
1977 2043 1979
1978 1980 1914
1979 2045 1981
1980 1982 1916
1981 2047 1983
1982 1984 1918
1983 2049 1985
1984 1986 1920
1985 2051 1987
1986 1988 1922
1987 2053 1989
1988 1990 1924
1989 2055 1991
1990 1992 1926
1991 2057 1993
1992 1994 1928
1993 2059 1995
1994 1996 1930
1995 2061 1997
1996 1998 1932
1997 2063 1999
1998 2000 1934
1999 2065 2001
2000 2002 1936
2001 2067 2003
2002 2004 1938
2003 2069 2005
2004 2006 1940
2005 2071 2007
2006 2008 1942
2007 2073 2009
2008 2010 1944
2009 2075 2011
2010 2012 1946
2011 2077 2013
2012 2014 1948
2013 2079 4774
4847 2016 1950
2015 2081 2017
2016 2018 1952
2017 2083 2019
2018 2020 1954
2019 2085 2021
2020 2022 1956
2021 2087 2023
2022 2024 1958
2023 2089 2025
2024 2026 1960
2025 2091 2027
2026 2028 1962
2027 2093 2029
2028 2030 1964
2029 2095 2031
2030 2032 1966
2031 2097 2033
2032 2034 1968
2033 2099 2035
2034 2036 1970
2035 2101 2037
2036 2038 1972
2037 2103 2039
2038 2040 1974
2039 2105 2041
2040 2042 1976
2041 2107 2043
2042 2044 1978
2043 2109 2045
2044 2046 1980
2045 2111 2047
2046 2048 1982
2047 2113 2049
2048 2050 1984
2049 2115 2051
2050 2052 1986
2051 2117 2053
2052 2054 1988
2053 2119 2055
2054 2056 1990
2055 2121 2057
2056 2058 1992
2057 2123 2059
2058 2060 1994
2059 2125 2061
2060 2062 1996
2061 2127 2063
2062 2064 1998
2063 2129 2065
2064 2066 2000
2065 2131 2067
2066 2068 2002
2067 2133 2069
2068 2070 2004
2069 2135 2071
2070 2072 2006
2071 2137 2073
2072 2074 2008
2073 2139 2075
2074 2076 2010
2075 2141 2077
2076 2078 2012
2077 2143 2079
2078 4775 2014
4848 2145 2081
2080 2082 2016
2081 2147 2083
2082 2084 2018
2083 2149 2085
2084 2086 2020
2085 2151 2087
2086 2088 2022
2087 2153 2089
2088 2090 2024
2089 2155 2091
2090 2092 2026
2091 2157 2093
2092 2094 2028
2093 2159 2095
2094 2096 2030
2095 2161 2097
2096 2098 2032
2097 2163 2099
2098 2100 2034
2099 2165 2101
2100 2102 2036
2101 2167 2103
2102 2104 2038
2103 2169 2105
2104 2106 2040
2105 2171 2107
2106 2108 2042
2107 2173 2109
2108 2110 2044
2109 2175 2111
2110 2112 2046
2111 2177 2113
2112 2114 2048
2113 2179 2115
2114 2116 2050
2115 2181 2117
2116 2118 2052
2117 2183 2119
2118 2120 2054
2119 2185 2121
2120 2122 2056
2121 2187 2123
2122 2124 2058
2123 2189 2125
2124 2126 2060
2125 2191 2127
2126 2128 2062
2127 2193 2129
2128 2130 2064
2129 2195 2131
2130 2132 2066
2131 2197 2133
2132 2134 2068
2133 2199 2135
2134 2136 2070
2135 2201 2137
2136 2138 2072
2137 2203 2139
2138 2140 2074
2139 2205 2141
2140 2142 2076
2141 2207 2143
2142 2144 2078
2143 2209 4776
4849 2146 2080
2145 2211 2147
2146 2148 2082
2147 2213 2149
2148 2150 2084
2149 2215 2151
2150 2152 2086
2151 2217 2153
2152 2154 2088
2153 2219 2155
2154 2156 2090
2155 2221 2157
2156 2158 2092
2157 2223 2159
2158 2160 2094
2159 2225 2161
2160 2162 2096
2161 2227 2163
2162 2164 2098
2163 2229 2165
2164 2166 2100
2165 2231 2167
2166 2168 2102
2167 2233 2169
2168 2170 2104
2169 2235 2171
2170 2172 2106
2171 2237 2173
2172 2174 2108
2173 2239 2175
2174 2176 2110
2175 2241 2177
2176 2178 2112
2177 2243 2179
2178 2180 2114
2179 2245 2181
2180 2182 2116
2181 2247 2183
2182 2184 2118
2183 2249 2185
2184 2186 2120
2185 2251 2187
2186 2188 2122
2187 2253 2189
2188 2190 2124
2189 2255 2191
2190 2192 2126
2191 2257 2193
2192 2194 2128
2193 2259 2195
2194 2196 2130
2195 2261 2197
2196 2198 2132
2197 2263 2199
2198 2200 2134
2199 2265 2201
2200 2202 2136
2201 2267 2203
2202 2204 2138
2203 2269 2205
2204 2206 2140
2205 2271 2207
2206 2208 2142
2207 2273 2209
2208 4777 2144
4850 2275 2211
2210 2212 2146
2211 2277 2213
2212 2214 2148
2213 2279 2215
2214 2216 2150
2215 2281 2217
2216 2218 2152
2217 2283 2219
2218 2220 2154
2219 2285 2221
2220 2222 2156
2221 2287 2223
2222 2224 2158
2223 2289 2225
2224 2226 2160
2225 2291 2227
2226 2228 2162
2227 2293 2229
2228 2230 2164
2229 2295 2231
2230 2232 2166
2231 2297 2233
2232 2234 2168
2233 2299 2235
2234 2236 2170
2235 2301 2237
2236 2238 2172
2237 2303 2239
2238 2240 2174
2239 2305 2241
2240 2242 2176
2241 2307 2243
2242 2244 2178
2243 2309 2245
2244 2246 2180
2245 2311 2247
2246 2248 2182
2247 2313 2249
2248 2250 2184
2249 2315 2251
2250 2252 2186
2251 2317 2253
2252 2254 2188
2253 2319 2255
2254 2256 2190
2255 2321 2257
2256 2258 2192
2257 2323 2259
2258 2260 2194
2259 2325 2261
2260 2262 2196
2261 2327 2263
2262 2264 2198
2263 2329 2265
2264 2266 2200
2265 2331 2267
2266 2268 2202
2267 2333 2269
2268 2270 2204
2269 2335 2271
2270 2272 2206
2271 2337 2273
2272 2274 2208
2273 2339 4778
4851 2276 2210
2275 2341 2277
2276 2278 2212
2277 2343 2279
2278 2280 2214
2279 2345 2281
2280 2282 2216
2281 2347 2283
2282 2284 2218
2283 2349 2285
2284 2286 2220
2285 2351 2287
2286 2288 2222
2287 2353 2289
2288 2290 2224
2289 2355 2291
2290 2292 2226
2291 2357 2293
2292 2294 2228
2293 2359 2295
2294 2296 2230
2295 2361 2297
2296 2298 2232
2297 2363 2299
2298 2300 2234
2299 2365 2301
2300 2302 2236
2301 2367 2303
2302 2304 2238
2303 2369 2305
2304 2306 2240
2305 2371 2307
2306 2308 2242
2307 2373 2309
2308 2310 2244
2309 2375 2311
2310 2312 2246
2311 2377 2313
2312 2314 2248
2313 2379 2315
2314 2316 2250
2315 2381 2317
2316 2318 2252
2317 2383 2319
2318 2320 2254
2319 2385 2321
2320 2322 2256
2321 2387 2323
2322 2324 2258
2323 2389 2325
2324 2326 2260
2325 2391 2327
2326 2328 2262
2327 2393 2329
2328 2330 2264
2329 2395 2331
2330 2332 2266
2331 2397 2333
2332 2334 2268
2333 2399 2335
2334 2336 2270
2335 2401 2337
2336 2338 2272
2337 2403 2339
2338 4779 2274
4852 2405 2341
2340 2342 2276
2341 2407 2343
2342 2344 2278
2343 2409 2345
2344 2346 2280
2345 2411 2347
2346 2348 2282
2347 2413 2349
2348 2350 2284
2349 2415 2351
2350 2352 2286
2351 2417 2353
2352 2354 2288
2353 2419 2355
2354 2356 2290
2355 2421 2357
2356 2358 2292
2357 2423 2359
2358 2360 2294
2359 2425 2361
2360 2362 2296
2361 2427 2363
2362 2364 2298
2363 2429 2365
2364 2366 2300
2365 2431 2367
2366 2368 2302
2367 2433 2369
2368 2370 2304
2369 2435 2371
2370 2372 2306
2371 2437 2373
2372 2374 2308
2373 2439 2375
2374 2376 2310
2375 2441 2377
2376 2378 2312
2377 2443 2379
2378 2380 2314
2379 2445 2381
2380 2382 2316
2381 2447 2383
2382 2384 2318
2383 2449 2385
2384 2386 2320
2385 2451 2387
2386 2388 2322
2387 2453 2389
2388 2390 2324
2389 2455 2391
2390 2392 2326
2391 2457 2393
2392 2394 2328
2393 2459 2395
2394 2396 2330
2395 2461 2397
2396 2398 2332
2397 2463 2399
2398 2400 2334
2399 2465 2401
2400 2402 2336
2401 2467 2403
2402 2404 2338
2403 2469 4780
4853 2406 2340
2405 2471 2407
2406 2408 2342
2407 2473 2409
2408 2410 2344
2409 2475 2411
2410 2412 2346
2411 2477 2413
2412 2414 2348
2413 2479 2415
2414 2416 2350
2415 2481 2417
2416 2418 2352
2417 2483 2419
2418 2420 2354
2419 2485 2421
2420 2422 2356
2421 2487 2423
2422 2424 2358
2423 2489 2425
2424 2426 2360
2425 2491 2427
2426 2428 2362
2427 2493 2429
2428 2430 2364
2429 2495 2431
2430 2432 2366
2431 2497 2433
2432 2434 2368
2433 2499 2435
2434 2436 2370
2435 2501 2437
2436 2438 2372
2437 2503 2439
2438 2440 2374
2439 2505 2441
2440 2442 2376
2441 2507 2443
2442 2444 2378
2443 2509 2445
2444 2446 2380
2445 2511 2447
2446 2448 2382
2447 2513 2449
2448 2450 2384
2449 2515 2451
2450 2452 2386
2451 2517 2453
2452 2454 2388
2453 2519 2455
2454 2456 2390
2455 2521 2457
2456 2458 2392
2457 2523 2459
2458 2460 2394
2459 2525 2461
2460 2462 2396
2461 2527 2463
2462 2464 2398
2463 2529 2465
2464 2466 2400
2465 2531 2467
2466 2468 2402
2467 2533 2469
2468 4781 2404
4854 2535 2471
2470 2472 2406
2471 2537 2473
2472 2474 2408
2473 2539 2475
2474 2476 2410
2475 2541 2477
2476 2478 2412
2477 2543 2479
2478 2480 2414
2479 2545 2481
2480 2482 2416
2481 2547 2483
2482 2484 2418
2483 2549 2485
2484 2486 2420
2485 2551 2487
2486 2488 2422
2487 2553 2489
2488 2490 2424
2489 2555 2491
2490 2492 2426
2491 2557 2493
2492 2494 2428
2493 2559 2495
2494 2496 2430
2495 2561 2497
2496 2498 2432
2497 2563 2499
2498 2500 2434
2499 2565 2501
2500 2502 2436
2501 2567 2503
2502 2504 2438
2503 2569 2505
2504 2506 2440
2505 2571 2507
2506 2508 2442
2507 2573 2509
2508 2510 2444
2509 2575 2511
2510 2512 2446
2511 2577 2513
2512 2514 2448
2513 2579 2515
2514 2516 2450
2515 2581 2517
2516 2518 2452
2517 2583 2519
2518 2520 2454
2519 2585 2521
2520 2522 2456
2521 2587 2523
2522 2524 2458
2523 2589 2525
2524 2526 2460
2525 2591 2527
2526 2528 2462
2527 2593 2529
2528 2530 2464
2529 2595 2531
2530 2532 2466
2531 2597 2533
2532 2534 2468
2533 2599 4782
4855 2536 2470
2535 2601 2537
2536 2538 2472
2537 2603 2539
2538 2540 2474
2539 2605 2541
2540 2542 2476
2541 2607 2543
2542 2544 2478
2543 2609 2545
2544 2546 2480
2545 2611 2547
2546 2548 2482
2547 2613 2549
2548 2550 2484
2549 2615 2551
2550 2552 2486
2551 2617 2553
2552 2554 2488
2553 2619 2555
2554 2556 2490
2555 2621 2557
2556 2558 2492
2557 2623 2559
2558 2560 2494
2559 2625 2561
2560 2562 2496
2561 2627 2563
2562 2564 2498
2563 2629 2565
2564 2566 2500
2565 2631 2567
2566 2568 2502
2567 2633 2569
2568 2570 2504
2569 2635 2571
2570 2572 2506
2571 2637 2573
2572 2574 2508
2573 2639 2575
2574 2576 2510
2575 2641 2577
2576 2578 2512
2577 2643 2579
2578 2580 2514
2579 2645 2581
2580 2582 2516
2581 2647 2583
2582 2584 2518
2583 2649 2585
2584 2586 2520
2585 2651 2587
2586 2588 2522
2587 2653 2589
2588 2590 2524
2589 2655 2591
2590 2592 2526
2591 2657 2593
2592 2594 2528
2593 2659 2595
2594 2596 2530
2595 2661 2597
2596 2598 2532
2597 2663 2599
2598 4783 2534
4856 2665 2601
2600 2602 2536
2601 2667 2603
2602 2604 2538
2603 2669 2605
2604 2606 2540
2605 2671 2607
2606 2608 2542
2607 2673 2609
2608 2610 2544
2609 2675 2611
2610 2612 2546
2611 2677 2613
2612 2614 2548
2613 2679 2615
2614 2616 2550
2615 2681 2617
2616 2618 2552
2617 2683 2619
2618 2620 2554
2619 2685 2621
2620 2622 2556
2621 2687 2623
2622 2624 2558
2623 2689 2625
2624 2626 2560
2625 2691 2627
2626 2628 2562
2627 2693 2629
2628 2630 2564
2629 2695 2631
2630 2632 2566
2631 2697 2633
2632 2634 2568
2633 2699 2635
2634 2636 2570
2635 2701 2637
2636 2638 2572
2637 2703 2639
2638 2640 2574
2639 2705 2641
2640 2642 2576
2641 2707 2643
2642 2644 2578
2643 2709 2645
2644 2646 2580
2645 2711 2647
2646 2648 2582
2647 2713 2649
2648 2650 2584
2649 2715 2651
2650 2652 2586
2651 2717 2653
2652 2654 2588
2653 2719 2655
2654 2656 2590
2655 2721 2657
2656 2658 2592
2657 2723 2659
2658 2660 2594
2659 2725 2661
2660 2662 2596
2661 2727 2663
2662 2664 2598
2663 2729 4784
4857 2666 2600
2665 2731 2667
2666 2668 2602
2667 2733 2669
2668 2670 2604
2669 2735 2671
2670 2672 2606
2671 2737 2673
2672 2674 2608
2673 2739 2675
2674 2676 2610
2675 2741 2677
2676 2678 2612
2677 2743 2679
2678 2680 2614
2679 2745 2681
2680 2682 2616
2681 2747 2683
2682 2684 2618
2683 2749 2685
2684 2686 2620
2685 2751 2687
2686 2688 2622
2687 2753 2689
2688 2690 2624
2689 2755 2691
2690 2692 2626
2691 2757 2693
2692 2694 2628
2693 2759 2695
2694 2696 2630
2695 2761 2697
2696 2698 2632
2697 2763 2699
2698 2700 2634
2699 2765 2701
2700 2702 2636
2701 2767 2703
2702 2704 2638
2703 2769 2705
2704 2706 2640
2705 2771 2707
2706 2708 2642
2707 2773 2709
2708 2710 2644
2709 2775 2711
2710 2712 2646
2711 2777 2713
2712 2714 2648
2713 2779 2715
2714 2716 2650
2715 2781 2717
2716 2718 2652
2717 2783 2719
2718 2720 2654
2719 2785 2721
2720 2722 2656
2721 2787 2723
2722 2724 2658
2723 2789 2725
2724 2726 2660
2725 2791 2727
2726 2728 2662
2727 2793 2729
2728 4785 2664
4858 2795 2731
2730 2732 2666
2731 2797 2733
2732 2734 2668
2733 2799 2735
2734 2736 2670
2735 2801 2737
2736 2738 2672
2737 2803 2739
2738 2740 2674
2739 2805 2741
2740 2742 2676
2741 2807 2743
2742 2744 2678
2743 2809 2745
2744 2746 2680
2745 2811 2747
2746 2748 2682
2747 2813 2749
2748 2750 2684
2749 2815 2751
2750 2752 2686
2751 2817 2753
2752 2754 2688
2753 2819 2755
2754 2756 2690
2755 2821 2757
2756 2758 2692
2757 2823 2759
2758 2760 2694
2759 2825 2761
2760 2762 2696
2761 2827 2763
2762 2764 2698
2763 2829 2765
2764 2766 2700
2765 2831 2767
2766 2768 2702
2767 2833 2769
2768 2770 2704
2769 2835 2771
2770 2772 2706
2771 2837 2773
2772 2774 2708
2773 2839 2775
2774 2776 2710
2775 2841 2777
2776 2778 2712
2777 2843 2779
2778 2780 2714
2779 2845 2781
2780 2782 2716
2781 2847 2783
2782 2784 2718
2783 2849 2785
2784 2786 2720
2785 2851 2787
2786 2788 2722
2787 2853 2789
2788 2790 2724
2789 2855 2791
2790 2792 2726
2791 2857 2793
2792 2794 2728
2793 2859 4786
4859 2796 2730
2795 2861 2797
2796 2798 2732
2797 2863 2799
2798 2800 2734
2799 2865 2801
2800 2802 2736
2801 2867 2803
2802 2804 2738
2803 2869 2805
2804 2806 2740
2805 2871 2807
2806 2808 2742
2807 2873 2809
2808 2810 2744
2809 2875 2811
2810 2812 2746
2811 2877 2813
2812 2814 2748
2813 2879 2815
2814 2816 2750
2815 2881 2817
2816 2818 2752
2817 2883 2819
2818 2820 2754
2819 2885 2821
2820 2822 2756
2821 2887 2823
2822 2824 2758
2823 2889 2825
2824 2826 2760
2825 2891 2827
2826 2828 2762
2827 2893 2829
2828 2830 2764
2829 2895 2831
2830 2832 2766
2831 2897 2833
2832 2834 2768
2833 2899 2835
2834 2836 2770
2835 2901 2837
2836 2838 2772
2837 2903 2839
2838 2840 2774
2839 2905 2841
2840 2842 2776
2841 2907 2843
2842 2844 2778
2843 2909 2845
2844 2846 2780
2845 2911 2847
2846 2848 2782
2847 2913 2849
2848 2850 2784
2849 2915 2851
2850 2852 2786
2851 2917 2853
2852 2854 2788
2853 2919 2855
2854 2856 2790
2855 2921 2857
2856 2858 2792
2857 2923 2859
2858 4787 2794
4860 2925 2861
2860 2862 2796
2861 2927 2863
2862 2864 2798
2863 2929 2865
2864 2866 2800
2865 2931 2867
2866 2868 2802
2867 2933 2869
2868 2870 2804
2869 2935 2871
2870 2872 2806
2871 2937 2873
2872 2874 2808
2873 2939 2875
2874 2876 2810
2875 2941 2877
2876 2878 2812
2877 2943 2879
2878 2880 2814
2879 2945 2881
2880 2882 2816
2881 2947 2883
2882 2884 2818
2883 2949 2885
2884 2886 2820
2885 2951 2887
2886 2888 2822
2887 2953 2889
2888 2890 2824
2889 2955 2891
2890 2892 2826
2891 2957 2893
2892 2894 2828
2893 2959 2895
2894 2896 2830
2895 2961 2897
2896 2898 2832
2897 2963 2899
2898 2900 2834
2899 2965 2901
2900 2902 2836
2901 2967 2903
2902 2904 2838
2903 2969 2905
2904 2906 2840
2905 2971 2907
2906 2908 2842
2907 2973 2909
2908 2910 2844
2909 2975 2911
2910 2912 2846
2911 2977 2913
2912 2914 2848
2913 2979 2915
2914 2916 2850
2915 2981 2917
2916 2918 2852
2917 2983 2919
2918 2920 2854
2919 2985 2921
2920 2922 2856
2921 2987 2923
2922 2924 2858
2923 2989 4788
4861 2926 2860
2925 2991 2927
2926 2928 2862
2927 2993 2929
2928 2930 2864
2929 2995 2931
2930 2932 2866
2931 2997 2933
2932 2934 2868
2933 2999 2935
2934 2936 2870
2935 3001 2937
2936 2938 2872
2937 3003 2939
2938 2940 2874
2939 3005 2941
2940 2942 2876
2941 3007 2943
2942 2944 2878
2943 3009 2945
2944 2946 2880
2945 3011 2947
2946 2948 2882
2947 3013 2949
2948 2950 2884
2949 3015 2951
2950 2952 2886
2951 3017 2953
2952 2954 2888
2953 3019 2955
2954 2956 2890
2955 3021 2957
2956 2958 2892
2957 3023 2959
2958 2960 2894
2959 3025 2961
2960 2962 2896
2961 3027 2963
2962 2964 2898
2963 3029 2965
2964 2966 2900
2965 3031 2967
2966 2968 2902
2967 3033 2969
2968 2970 2904
2969 3035 2971
2970 2972 2906
2971 3037 2973
2972 2974 2908
2973 3039 2975
2974 2976 2910
2975 3041 2977
2976 2978 2912
2977 3043 2979
2978 2980 2914
2979 3045 2981
2980 2982 2916
2981 3047 2983
2982 2984 2918
2983 3049 2985
2984 2986 2920
2985 3051 2987
2986 2988 2922
2987 3053 2989
2988 4789 2924
4862 3055 2991
2990 2992 2926
2991 3057 2993
2992 2994 2928
2993 3059 2995
2994 2996 2930
2995 3061 2997
2996 2998 2932
2997 3063 2999
2998 3000 2934
2999 3065 3001
3000 3002 2936
3001 3067 3003
3002 3004 2938
3003 3069 3005
3004 3006 2940
3005 3071 3007
3006 3008 2942
3007 3073 3009
3008 3010 2944
3009 3075 3011
3010 3012 2946
3011 3077 3013
3012 3014 2948
3013 3079 3015
3014 3016 2950
3015 3081 3017
3016 3018 2952
3017 3083 3019
3018 3020 2954
3019 3085 3021
3020 3022 2956
3021 3087 3023
3022 3024 2958
3023 3089 3025
3024 3026 2960
3025 3091 3027
3026 3028 2962
3027 3093 3029
3028 3030 2964
3029 3095 3031
3030 3032 2966
3031 3097 3033
3032 3034 2968
3033 3099 3035
3034 3036 2970
3035 3101 3037
3036 3038 2972
3037 3103 3039
3038 3040 2974
3039 3105 3041
3040 3042 2976
3041 3107 3043
3042 3044 2978
3043 3109 3045
3044 3046 2980
3045 3111 3047
3046 3048 2982
3047 3113 3049
3048 3050 2984
3049 3115 3051
3050 3052 2986
3051 3117 3053
3052 3054 2988
3053 3119 4790
4863 3056 2990
3055 3121 3057
3056 3058 2992
3057 3123 3059
3058 3060 2994
3059 3125 3061
3060 3062 2996
3061 3127 3063
3062 3064 2998
3063 3129 3065
3064 3066 3000
3065 3131 3067
3066 3068 3002
3067 3133 3069
3068 3070 3004
3069 3135 3071
3070 3072 3006
3071 3137 3073
3072 3074 3008
3073 3139 3075
3074 3076 3010
3075 3141 3077
3076 3078 3012
3077 3143 3079
3078 3080 3014
3079 3145 3081
3080 3082 3016
3081 3147 3083
3082 3084 3018
3083 3149 3085
3084 3086 3020
3085 3151 3087
3086 3088 3022
3087 3153 3089
3088 3090 3024
3089 3155 3091
3090 3092 3026
3091 3157 3093
3092 3094 3028
3093 3159 3095
3094 3096 3030
3095 3161 3097
3096 3098 3032
3097 3163 3099
3098 3100 3034
3099 3165 3101
3100 3102 3036
3101 3167 3103
3102 3104 3038
3103 3169 3105
3104 3106 3040
3105 3171 3107
3106 3108 3042
3107 3173 3109
3108 3110 3044
3109 3175 3111
3110 3112 3046
3111 3177 3113
3112 3114 3048
3113 3179 3115
3114 3116 3050
3115 3181 3117
3116 3118 3052
3117 3183 3119
3118 4791 3054
4864 3185 3121
3120 3122 3056
3121 3187 3123
3122 3124 3058
3123 3189 3125
3124 3126 3060
3125 3191 3127
3126 3128 3062
3127 3193 3129
3128 3130 3064
3129 3195 3131
3130 3132 3066
3131 3197 3133
3132 3134 3068
3133 3199 3135
3134 3136 3070
3135 3201 3137
3136 3138 3072
3137 3203 3139
3138 3140 3074
3139 3205 3141
3140 3142 3076
3141 3207 3143
3142 3144 3078
3143 3209 3145
3144 3146 3080
3145 3211 3147
3146 3148 3082
3147 3213 3149
3148 3150 3084
3149 3215 3151
3150 3152 3086
3151 3217 3153
3152 3154 3088
3153 3219 3155
3154 3156 3090
3155 3221 3157
3156 3158 3092
3157 3223 3159
3158 3160 3094
3159 3225 3161
3160 3162 3096
3161 3227 3163
3162 3164 3098
3163 3229 3165
3164 3166 3100
3165 3231 3167
3166 3168 3102
3167 3233 3169
3168 3170 3104
3169 3235 3171
3170 3172 3106
3171 3237 3173
3172 3174 3108
3173 3239 3175
3174 3176 3110
3175 3241 3177
3176 3178 3112
3177 3243 3179
3178 3180 3114
3179 3245 3181
3180 3182 3116
3181 3247 3183
3182 3184 3118
3183 3249 4792
4865 3186 3120
3185 3251 3187
3186 3188 3122
3187 3253 3189
3188 3190 3124
3189 3255 3191
3190 3192 3126
3191 3257 3193
3192 3194 3128
3193 3259 3195
3194 3196 3130
3195 3261 3197
3196 3198 3132
3197 3263 3199
3198 3200 3134
3199 3265 3201
3200 3202 3136
3201 3267 3203
3202 3204 3138
3203 3269 3205
3204 3206 3140
3205 3271 3207
3206 3208 3142
3207 3273 3209
3208 3210 3144
3209 3275 3211
3210 3212 3146
3211 3277 3213
3212 3214 3148
3213 3279 3215
3214 3216 3150
3215 3281 3217
3216 3218 3152
3217 3283 3219
3218 3220 3154
3219 3285 3221
3220 3222 3156
3221 3287 3223
3222 3224 3158
3223 3289 3225
3224 3226 3160
3225 3291 3227
3226 3228 3162
3227 3293 3229
3228 3230 3164
3229 3295 3231
3230 3232 3166
3231 3297 3233
3232 3234 3168
3233 3299 3235
3234 3236 3170
3235 3301 3237
3236 3238 3172
3237 3303 3239
3238 3240 3174
3239 3305 3241
3240 3242 3176
3241 3307 3243
3242 3244 3178
3243 3309 3245
3244 3246 3180
3245 3311 3247
3246 3248 3182
3247 3313 3249
3248 4793 3184
4866 3315 3251
3250 3252 3186
3251 3317 3253
3252 3254 3188
3253 3319 3255
3254 3256 3190
3255 3321 3257
3256 3258 3192
3257 3323 3259
3258 3260 3194
3259 3325 3261
3260 3262 3196
3261 3327 3263
3262 3264 3198
3263 3329 3265
3264 3266 3200
3265 3331 3267
3266 3268 3202
3267 3333 3269
3268 3270 3204
3269 3335 3271
3270 3272 3206
3271 3337 3273
3272 3274 3208
3273 3339 3275
3274 3276 3210
3275 3341 3277
3276 3278 3212
3277 3343 3279
3278 3280 3214
3279 3345 3281
3280 3282 3216
3281 3347 3283
3282 3284 3218
3283 3349 3285
3284 3286 3220
3285 3351 3287
3286 3288 3222
3287 3353 3289
3288 3290 3224
3289 3355 3291
3290 3292 3226
3291 3357 3293
3292 3294 3228
3293 3359 3295
3294 3296 3230
3295 3361 3297
3296 3298 3232
3297 3363 3299
3298 3300 3234
3299 3365 3301
3300 3302 3236
3301 3367 3303
3302 3304 3238
3303 3369 3305
3304 3306 3240
3305 3371 3307
3306 3308 3242
3307 3373 3309
3308 3310 3244
3309 3375 3311
3310 3312 3246
3311 3377 3313
3312 3314 3248
3313 3379 4794
4867 3316 3250
3315 3381 3317
3316 3318 3252
3317 3383 3319
3318 3320 3254
3319 3385 3321
3320 3322 3256
3321 3387 3323
3322 3324 3258
3323 3389 3325
3324 3326 3260
3325 3391 3327
3326 3328 3262
3327 3393 3329
3328 3330 3264
3329 3395 3331
3330 3332 3266
3331 3397 3333
3332 3334 3268
3333 3399 3335
3334 3336 3270
3335 3401 3337
3336 3338 3272
3337 3403 3339
3338 3340 3274
3339 3405 3341
3340 3342 3276
3341 3407 3343
3342 3344 3278
3343 3409 3345
3344 3346 3280
3345 3411 3347
3346 3348 3282
3347 3413 3349
3348 3350 3284
3349 3415 3351
3350 3352 3286
3351 3417 3353
3352 3354 3288
3353 3419 3355
3354 3356 3290
3355 3421 3357
3356 3358 3292
3357 3423 3359
3358 3360 3294
3359 3425 3361
3360 3362 3296
3361 3427 3363
3362 3364 3298
3363 3429 3365
3364 3366 3300
3365 3431 3367
3366 3368 3302
3367 3433 3369
3368 3370 3304
3369 3435 3371
3370 3372 3306
3371 3437 3373
3372 3374 3308
3373 3439 3375
3374 3376 3310
3375 3441 3377
3376 3378 3312
3377 3443 3379
3378 4795 3314
4868 3445 3381
3380 3382 3316
3381 3447 3383
3382 3384 3318
3383 3449 3385
3384 3386 3320
3385 3451 3387
3386 3388 3322
3387 3453 3389
3388 3390 3324
3389 3455 3391
3390 3392 3326
3391 3457 3393
3392 3394 3328
3393 3459 3395
3394 3396 3330
3395 3461 3397
3396 3398 3332
3397 3463 3399
3398 3400 3334
3399 3465 3401
3400 3402 3336
3401 3467 3403
3402 3404 3338
3403 3469 3405
3404 3406 3340
3405 3471 3407
3406 3408 3342
3407 3473 3409
3408 3410 3344
3409 3475 3411
3410 3412 3346
3411 3477 3413
3412 3414 3348
3413 3479 3415
3414 3416 3350
3415 3481 3417
3416 3418 3352
3417 3483 3419
3418 3420 3354
3419 3485 3421
3420 3422 3356
3421 3487 3423
3422 3424 3358
3423 3489 3425
3424 3426 3360
3425 3491 3427
3426 3428 3362
3427 3493 3429
3428 3430 3364
3429 3495 3431
3430 3432 3366
3431 3497 3433
3432 3434 3368
3433 3499 3435
3434 3436 3370
3435 3501 3437
3436 3438 3372
3437 3503 3439
3438 3440 3374
3439 3505 3441
3440 3442 3376
3441 3507 3443
3442 3444 3378
3443 3509 4796
4869 3446 3380
3445 3511 3447
3446 3448 3382
3447 3513 3449
3448 3450 3384
3449 3515 3451
3450 3452 3386
3451 3517 3453
3452 3454 3388
3453 3519 3455
3454 3456 3390
3455 3521 3457
3456 3458 3392
3457 3523 3459
3458 3460 3394
3459 3525 3461
3460 3462 3396
3461 3527 3463
3462 3464 3398
3463 3529 3465
3464 3466 3400
3465 3531 3467
3466 3468 3402
3467 3533 3469
3468 3470 3404
3469 3535 3471
3470 3472 3406
3471 3537 3473
3472 3474 3408
3473 3539 3475
3474 3476 3410
3475 3541 3477
3476 3478 3412
3477 3543 3479
3478 3480 3414
3479 3545 3481
3480 3482 3416
3481 3547 3483
3482 3484 3418
3483 3549 3485
3484 3486 3420
3485 3551 3487
3486 3488 3422
3487 3553 3489
3488 3490 3424
3489 3555 3491
3490 3492 3426
3491 3557 3493
3492 3494 3428
3493 3559 3495
3494 3496 3430
3495 3561 3497
3496 3498 3432
3497 3563 3499
3498 3500 3434
3499 3565 3501
3500 3502 3436
3501 3567 3503
3502 3504 3438
3503 3569 3505
3504 3506 3440
3505 3571 3507
3506 3508 3442
3507 3573 3509
3508 4797 3444
4870 3575 3511
3510 3512 3446
3511 3577 3513
3512 3514 3448
3513 3579 3515
3514 3516 3450
3515 3581 3517
3516 3518 3452
3517 3583 3519
3518 3520 3454
3519 3585 3521
3520 3522 3456
3521 3587 3523
3522 3524 3458
3523 3589 3525
3524 3526 3460
3525 3591 3527
3526 3528 3462
3527 3593 3529
3528 3530 3464
3529 3595 3531
3530 3532 3466
3531 3597 3533
3532 3534 3468
3533 3599 3535
3534 3536 3470
3535 3601 3537
3536 3538 3472
3537 3603 3539
3538 3540 3474
3539 3605 3541
3540 3542 3476
3541 3607 3543
3542 3544 3478
3543 3609 3545
3544 3546 3480
3545 3611 3547
3546 3548 3482
3547 3613 3549
3548 3550 3484
3549 3615 3551
3550 3552 3486
3551 3617 3553
3552 3554 3488
3553 3619 3555
3554 3556 3490
3555 3621 3557
3556 3558 3492
3557 3623 3559
3558 3560 3494
3559 3625 3561
3560 3562 3496
3561 3627 3563
3562 3564 3498
3563 3629 3565
3564 3566 3500
3565 3631 3567
3566 3568 3502
3567 3633 3569
3568 3570 3504
3569 3635 3571
3570 3572 3506
3571 3637 3573
3572 3574 3508
3573 3639 4798
4871 3576 3510
3575 3641 3577
3576 3578 3512
3577 3643 3579
3578 3580 3514
3579 3645 3581
3580 3582 3516
3581 3647 3583
3582 3584 3518
3583 3649 3585
3584 3586 3520
3585 3651 3587
3586 3588 3522
3587 3653 3589
3588 3590 3524
3589 3655 3591
3590 3592 3526
3591 3657 3593
3592 3594 3528
3593 3659 3595
3594 3596 3530
3595 3661 3597
3596 3598 3532
3597 3663 3599
3598 3600 3534
3599 3665 3601
3600 3602 3536
3601 3667 3603
3602 3604 3538
3603 3669 3605
3604 3606 3540
3605 3671 3607
3606 3608 3542
3607 3673 3609
3608 3610 3544
3609 3675 3611
3610 3612 3546
3611 3677 3613
3612 3614 3548
3613 3679 3615
3614 3616 3550
3615 3681 3617
3616 3618 3552
3617 3683 3619
3618 3620 3554
3619 3685 3621
3620 3622 3556
3621 3687 3623
3622 3624 3558
3623 3689 3625
3624 3626 3560
3625 3691 3627
3626 3628 3562
3627 3693 3629
3628 3630 3564
3629 3695 3631
3630 3632 3566
3631 3697 3633
3632 3634 3568
3633 3699 3635
3634 3636 3570
3635 3701 3637
3636 3638 3572
3637 3703 3639
3638 4799 3574
4872 3705 3641
3640 3642 3576
3641 3707 3643
3642 3644 3578
3643 3709 3645
3644 3646 3580
3645 3711 3647
3646 3648 3582
3647 3713 3649
3648 3650 3584
3649 3715 3651
3650 3652 3586
3651 3717 3653
3652 3654 3588
3653 3719 3655
3654 3656 3590
3655 3721 3657
3656 3658 3592
3657 3723 3659
3658 3660 3594
3659 3725 3661
3660 3662 3596
3661 3727 3663
3662 3664 3598
3663 3729 3665
3664 3666 3600
3665 3731 3667
3666 3668 3602
3667 3733 3669
3668 3670 3604
3669 3735 3671
3670 3672 3606
3671 3737 3673
3672 3674 3608
3673 3739 3675
3674 3676 3610
3675 3741 3677
3676 3678 3612
3677 3743 3679
3678 3680 3614
3679 3745 3681
3680 3682 3616
3681 3747 3683
3682 3684 3618
3683 3749 3685
3684 3686 3620
3685 3751 3687
3686 3688 3622
3687 3753 3689
3688 3690 3624
3689 3755 3691
3690 3692 3626
3691 3757 3693
3692 3694 3628
3693 3759 3695
3694 3696 3630
3695 3761 3697
3696 3698 3632
3697 3763 3699
3698 3700 3634
3699 3765 3701
3700 3702 3636
3701 3767 3703
3702 3704 3638
3703 3769 4800
4873 3706 3640
3705 3771 3707
3706 3708 3642
3707 3773 3709
3708 3710 3644
3709 3775 3711
3710 3712 3646
3711 3777 3713
3712 3714 3648
3713 3779 3715
3714 3716 3650
3715 3781 3717
3716 3718 3652
3717 3783 3719
3718 3720 3654
3719 3785 3721
3720 3722 3656
3721 3787 3723
3722 3724 3658
3723 3789 3725
3724 3726 3660
3725 3791 3727
3726 3728 3662
3727 3793 3729
3728 3730 3664
3729 3795 3731
3730 3732 3666
3731 3797 3733
3732 3734 3668
3733 3799 3735
3734 3736 3670
3735 3801 3737
3736 3738 3672
3737 3803 3739
3738 3740 3674
3739 3805 3741
3740 3742 3676
3741 3807 3743
3742 3744 3678
3743 3809 3745
3744 3746 3680
3745 3811 3747
3746 3748 3682
3747 3813 3749
3748 3750 3684
3749 3815 3751
3750 3752 3686
3751 3817 3753
3752 3754 3688
3753 3819 3755
3754 3756 3690
3755 3821 3757
3756 3758 3692
3757 3823 3759
3758 3760 3694
3759 3825 3761
3760 3762 3696
3761 3827 3763
3762 3764 3698
3763 3829 3765
3764 3766 3700
3765 3831 3767
3766 3768 3702
3767 3833 3769
3768 4801 3704
4874 3835 3771
3770 3772 3706
3771 3837 3773
3772 3774 3708
3773 3839 3775
3774 3776 3710
3775 3841 3777
3776 3778 3712
3777 3843 3779
3778 3780 3714
3779 3845 3781
3780 3782 3716
3781 3847 3783
3782 3784 3718
3783 3849 3785
3784 3786 3720
3785 3851 3787
3786 3788 3722
3787 3853 3789
3788 3790 3724
3789 3855 3791
3790 3792 3726
3791 3857 3793
3792 3794 3728
3793 3859 3795
3794 3796 3730
3795 3861 3797
3796 3798 3732
3797 3863 3799
3798 3800 3734
3799 3865 3801
3800 3802 3736
3801 3867 3803
3802 3804 3738
3803 3869 3805
3804 3806 3740
3805 3871 3807
3806 3808 3742
3807 3873 3809
3808 3810 3744
3809 3875 3811
3810 3812 3746
3811 3877 3813
3812 3814 3748
3813 3879 3815
3814 3816 3750
3815 3881 3817
3816 3818 3752
3817 3883 3819
3818 3820 3754
3819 3885 3821
3820 3822 3756
3821 3887 3823
3822 3824 3758
3823 3889 3825
3824 3826 3760
3825 3891 3827
3826 3828 3762
3827 3893 3829
3828 3830 3764
3829 3895 3831
3830 3832 3766
3831 3897 3833
3832 3834 3768
3833 3899 4802
4875 3836 3770
3835 3901 3837
3836 3838 3772
3837 3903 3839
3838 3840 3774
3839 3905 3841
3840 3842 3776
3841 3907 3843
3842 3844 3778
3843 3909 3845
3844 3846 3780
3845 3911 3847
3846 3848 3782
3847 3913 3849
3848 3850 3784
3849 3915 3851
3850 3852 3786
3851 3917 3853
3852 3854 3788
3853 3919 3855
3854 3856 3790
3855 3921 3857
3856 3858 3792
3857 3923 3859
3858 3860 3794
3859 3925 3861
3860 3862 3796
3861 3927 3863
3862 3864 3798
3863 3929 3865
3864 3866 3800
3865 3931 3867
3866 3868 3802
3867 3933 3869
3868 3870 3804
3869 3935 3871
3870 3872 3806
3871 3937 3873
3872 3874 3808
3873 3939 3875
3874 3876 3810
3875 3941 3877
3876 3878 3812
3877 3943 3879
3878 3880 3814
3879 3945 3881
3880 3882 3816
3881 3947 3883
3882 3884 3818
3883 3949 3885
3884 3886 3820
3885 3951 3887
3886 3888 3822
3887 3953 3889
3888 3890 3824
3889 3955 3891
3890 3892 3826
3891 3957 3893
3892 3894 3828
3893 3959 3895
3894 3896 3830
3895 3961 3897
3896 3898 3832
3897 3963 3899
3898 4803 3834
4876 3965 3901
3900 3902 3836
3901 3967 3903
3902 3904 3838
3903 3969 3905
3904 3906 3840
3905 3971 3907
3906 3908 3842
3907 3973 3909
3908 3910 3844
3909 3975 3911
3910 3912 3846
3911 3977 3913
3912 3914 3848
3913 3979 3915
3914 3916 3850
3915 3981 3917
3916 3918 3852
3917 3983 3919
3918 3920 3854
3919 3985 3921
3920 3922 3856
3921 3987 3923
3922 3924 3858
3923 3989 3925
3924 3926 3860
3925 3991 3927
3926 3928 3862
3927 3993 3929
3928 3930 3864
3929 3995 3931
3930 3932 3866
3931 3997 3933
3932 3934 3868
3933 3999 3935
3934 3936 3870
3935 4001 3937
3936 3938 3872
3937 4003 3939
3938 3940 3874
3939 4005 3941
3940 3942 3876
3941 4007 3943
3942 3944 3878
3943 4009 3945
3944 3946 3880
3945 4011 3947
3946 3948 3882
3947 4013 3949
3948 3950 3884
3949 4015 3951
3950 3952 3886
3951 4017 3953
3952 3954 3888
3953 4019 3955
3954 3956 3890
3955 4021 3957
3956 3958 3892
3957 4023 3959
3958 3960 3894
3959 4025 3961
3960 3962 3896
3961 4027 3963
3962 3964 3898
3963 4029 4804
4877 3966 3900
3965 4031 3967
3966 3968 3902
3967 4033 3969
3968 3970 3904
3969 4035 3971
3970 3972 3906
3971 4037 3973
3972 3974 3908
3973 4039 3975
3974 3976 3910
3975 4041 3977
3976 3978 3912
3977 4043 3979
3978 3980 3914
3979 4045 3981
3980 3982 3916
3981 4047 3983
3982 3984 3918
3983 4049 3985
3984 3986 3920
3985 4051 3987
3986 3988 3922
3987 4053 3989
3988 3990 3924
3989 4055 3991
3990 3992 3926
3991 4057 3993
3992 3994 3928
3993 4059 3995
3994 3996 3930
3995 4061 3997
3996 3998 3932
3997 4063 3999
3998 4000 3934
3999 4065 4001
4000 4002 3936
4001 4067 4003
4002 4004 3938
4003 4069 4005
4004 4006 3940
4005 4071 4007
4006 4008 3942
4007 4073 4009
4008 4010 3944
4009 4075 4011
4010 4012 3946
4011 4077 4013
4012 4014 3948
4013 4079 4015
4014 4016 3950
4015 4081 4017
4016 4018 3952
4017 4083 4019
4018 4020 3954
4019 4085 4021
4020 4022 3956
4021 4087 4023
4022 4024 3958
4023 4089 4025
4024 4026 3960
4025 4091 4027
4026 4028 3962
4027 4093 4029
4028 4805 3964
4878 4095 4031
4030 4032 3966
4031 4097 4033
4032 4034 3968
4033 4099 4035
4034 4036 3970
4035 4101 4037
4036 4038 3972
4037 4103 4039
4038 4040 3974
4039 4105 4041
4040 4042 3976
4041 4107 4043
4042 4044 3978
4043 4109 4045
4044 4046 3980
4045 4111 4047
4046 4048 3982
4047 4113 4049
4048 4050 3984
4049 4115 4051
4050 4052 3986
4051 4117 4053
4052 4054 3988
4053 4119 4055
4054 4056 3990
4055 4121 4057
4056 4058 3992
4057 4123 4059
4058 4060 3994
4059 4125 4061
4060 4062 3996
4061 4127 4063
4062 4064 3998
4063 4129 4065
4064 4066 4000
4065 4131 4067
4066 4068 4002
4067 4133 4069
4068 4070 4004
4069 4135 4071
4070 4072 4006
4071 4137 4073
4072 4074 4008
4073 4139 4075
4074 4076 4010
4075 4141 4077
4076 4078 4012
4077 4143 4079
4078 4080 4014
4079 4145 4081
4080 4082 4016
4081 4147 4083
4082 4084 4018
4083 4149 4085
4084 4086 4020
4085 4151 4087
4086 4088 4022
4087 4153 4089
4088 4090 4024
4089 4155 4091
4090 4092 4026
4091 4157 4093
4092 4094 4028
4093 4159 4806
4879 4096 4030
4095 4161 4097
4096 4098 4032
4097 4163 4099
4098 4100 4034
4099 4165 4101
4100 4102 4036
4101 4167 4103
4102 4104 4038
4103 4169 4105
4104 4106 4040
4105 4171 4107
4106 4108 4042
4107 4173 4109
4108 4110 4044
4109 4175 4111
4110 4112 4046
4111 4177 4113
4112 4114 4048
4113 4179 4115
4114 4116 4050
4115 4181 4117
4116 4118 4052
4117 4183 4119
4118 4120 4054
4119 4185 4121
4120 4122 4056
4121 4187 4123
4122 4124 4058
4123 4189 4125
4124 4126 4060
4125 4191 4127
4126 4128 4062
4127 4193 4129
4128 4130 4064
4129 4195 4131
4130 4132 4066
4131 4197 4133
4132 4134 4068
4133 4199 4135
4134 4136 4070
4135 4201 4137
4136 4138 4072
4137 4203 4139
4138 4140 4074
4139 4205 4141
4140 4142 4076
4141 4207 4143
4142 4144 4078
4143 4209 4145
4144 4146 4080
4145 4211 4147
4146 4148 4082
4147 4213 4149
4148 4150 4084
4149 4215 4151
4150 4152 4086
4151 4217 4153
4152 4154 4088
4153 4219 4155
4154 4156 4090
4155 4221 4157
4156 4158 4092
4157 4223 4159
4158 4807 4094
4880 4225 4161
4160 4162 4096
4161 4227 4163
4162 4164 4098
4163 4229 4165
4164 4166 4100
4165 4231 4167
4166 4168 4102
4167 4233 4169
4168 4170 4104
4169 4235 4171
4170 4172 4106
4171 4237 4173
4172 4174 4108
4173 4239 4175
4174 4176 4110
4175 4241 4177
4176 4178 4112
4177 4243 4179
4178 4180 4114
4179 4245 4181
4180 4182 4116
4181 4247 4183
4182 4184 4118
4183 4249 4185
4184 4186 4120
4185 4251 4187
4186 4188 4122
4187 4253 4189
4188 4190 4124
4189 4255 4191
4190 4192 4126
4191 4257 4193
4192 4194 4128
4193 4259 4195
4194 4196 4130
4195 4261 4197
4196 4198 4132
4197 4263 4199
4198 4200 4134
4199 4265 4201
4200 4202 4136
4201 4267 4203
4202 4204 4138
4203 4269 4205
4204 4206 4140
4205 4271 4207
4206 4208 4142
4207 4273 4209
4208 4210 4144
4209 4275 4211
4210 4212 4146
4211 4277 4213
4212 4214 4148
4213 4279 4215
4214 4216 4150
4215 4281 4217
4216 4218 4152
4217 4283 4219
4218 4220 4154
4219 4285 4221
4220 4222 4156
4221 4287 4223
4222 4224 4158
4223 4289 4808
4881 4226 4160
4225 4291 4227
4226 4228 4162
4227 4293 4229
4228 4230 4164
4229 4295 4231
4230 4232 4166
4231 4297 4233
4232 4234 4168
4233 4299 4235
4234 4236 4170
4235 4301 4237
4236 4238 4172
4237 4303 4239
4238 4240 4174
4239 4305 4241
4240 4242 4176
4241 4307 4243
4242 4244 4178
4243 4309 4245
4244 4246 4180
4245 4311 4247
4246 4248 4182
4247 4313 4249
4248 4250 4184
4249 4315 4251
4250 4252 4186
4251 4317 4253
4252 4254 4188
4253 4319 4255
4254 4256 4190
4255 4321 4257
4256 4258 4192
4257 4323 4259
4258 4260 4194
4259 4325 4261
4260 4262 4196
4261 4327 4263
4262 4264 4198
4263 4329 4265
4264 4266 4200
4265 4331 4267
4266 4268 4202
4267 4333 4269
4268 4270 4204
4269 4335 4271
4270 4272 4206
4271 4337 4273
4272 4274 4208
4273 4339 4275
4274 4276 4210
4275 4341 4277
4276 4278 4212
4277 4343 4279
4278 4280 4214
4279 4345 4281
4280 4282 4216
4281 4347 4283
4282 4284 4218
4283 4349 4285
4284 4286 4220
4285 4351 4287
4286 4288 4222
4287 4353 4289
4288 4809 4224
4882 4355 4291
4290 4292 4226
4291 4357 4293
4292 4294 4228
4293 4359 4295
4294 4296 4230
4295 4361 4297
4296 4298 4232
4297 4363 4299
4298 4300 4234
4299 4365 4301
4300 4302 4236
4301 4367 4303
4302 4304 4238
4303 4369 4305
4304 4306 4240
4305 4371 4307
4306 4308 4242
4307 4373 4309
4308 4310 4244
4309 4375 4311
4310 4312 4246
4311 4377 4313
4312 4314 4248
4313 4379 4315
4314 4316 4250
4315 4381 4317
4316 4318 4252
4317 4383 4319
4318 4320 4254
4319 4385 4321
4320 4322 4256
4321 4387 4323
4322 4324 4258
4323 4389 4325
4324 4326 4260
4325 4391 4327
4326 4328 4262
4327 4393 4329
4328 4330 4264
4329 4395 4331
4330 4332 4266
4331 4397 4333
4332 4334 4268
4333 4399 4335
4334 4336 4270
4335 4401 4337
4336 4338 4272
4337 4403 4339
4338 4340 4274
4339 4405 4341
4340 4342 4276
4341 4407 4343
4342 4344 4278
4343 4409 4345
4344 4346 4280
4345 4411 4347
4346 4348 4282
4347 4413 4349
4348 4350 4284
4349 4415 4351
4350 4352 4286
4351 4417 4353
4352 4354 4288
4353 4419 4810
4883 4356 4290
4355 4421 4357
4356 4358 4292
4357 4423 4359
4358 4360 4294
4359 4425 4361
4360 4362 4296
4361 4427 4363
4362 4364 4298
4363 4429 4365
4364 4366 4300
4365 4431 4367
4366 4368 4302
4367 4433 4369
4368 4370 4304
4369 4435 4371
4370 4372 4306
4371 4437 4373
4372 4374 4308
4373 4439 4375
4374 4376 4310
4375 4441 4377
4376 4378 4312
4377 4443 4379
4378 4380 4314
4379 4445 4381
4380 4382 4316
4381 4447 4383
4382 4384 4318
4383 4449 4385
4384 4386 4320
4385 4451 4387
4386 4388 4322
4387 4453 4389
4388 4390 4324
4389 4455 4391
4390 4392 4326
4391 4457 4393
4392 4394 4328
4393 4459 4395
4394 4396 4330
4395 4461 4397
4396 4398 4332
4397 4463 4399
4398 4400 4334
4399 4465 4401
4400 4402 4336
4401 4467 4403
4402 4404 4338
4403 4469 4405
4404 4406 4340
4405 4471 4407
4406 4408 4342
4407 4473 4409
4408 4410 4344
4409 4475 4411
4410 4412 4346
4411 4477 4413
4412 4414 4348
4413 4479 4415
4414 4416 4350
4415 4481 4417
4416 4418 4352
4417 4483 4419
4418 4811 4354
4884 4485 4421
4420 4422 4356
4421 4487 4423
4422 4424 4358
4423 4489 4425
4424 4426 4360
4425 4491 4427
4426 4428 4362
4427 4493 4429
4428 4430 4364
4429 4495 4431
4430 4432 4366
4431 4497 4433
4432 4434 4368
4433 4499 4435
4434 4436 4370
4435 4501 4437
4436 4438 4372
4437 4503 4439
4438 4440 4374
4439 4505 4441
4440 4442 4376
4441 4507 4443
4442 4444 4378
4443 4509 4445
4444 4446 4380
4445 4511 4447
4446 4448 4382
4447 4513 4449
4448 4450 4384
4449 4515 4451
4450 4452 4386
4451 4517 4453
4452 4454 4388
4453 4519 4455
4454 4456 4390
4455 4521 4457
4456 4458 4392
4457 4523 4459
4458 4460 4394
4459 4525 4461
4460 4462 4396
4461 4527 4463
4462 4464 4398
4463 4529 4465
4464 4466 4400
4465 4531 4467
4466 4468 4402
4467 4533 4469
4468 4470 4404
4469 4535 4471
4470 4472 4406
4471 4537 4473
4472 4474 4408
4473 4539 4475
4474 4476 4410
4475 4541 4477
4476 4478 4412
4477 4543 4479
4478 4480 4414
4479 4545 4481
4480 4482 4416
4481 4547 4483
4482 4484 4418
4483 4549 4812
4885 4486 4420
4485 4551 4487
4486 4488 4422
4487 4553 4489
4488 4490 4424
4489 4555 4491
4490 4492 4426
4491 4557 4493
4492 4494 4428
4493 4559 4495
4494 4496 4430
4495 4561 4497
4496 4498 4432
4497 4563 4499
4498 4500 4434
4499 4565 4501
4500 4502 4436
4501 4567 4503
4502 4504 4438
4503 4569 4505
4504 4506 4440
4505 4571 4507
4506 4508 4442
4507 4573 4509
4508 4510 4444
4509 4575 4511
4510 4512 4446
4511 4577 4513
4512 4514 4448
4513 4579 4515
4514 4516 4450
4515 4581 4517
4516 4518 4452
4517 4583 4519
4518 4520 4454
4519 4585 4521
4520 4522 4456
4521 4587 4523
4522 4524 4458
4523 4589 4525
4524 4526 4460
4525 4591 4527
4526 4528 4462
4527 4593 4529
4528 4530 4464
4529 4595 4531
4530 4532 4466
4531 4597 4533
4532 4534 4468
4533 4599 4535
4534 4536 4470
4535 4601 4537
4536 4538 4472
4537 4603 4539
4538 4540 4474
4539 4605 4541
4540 4542 4476
4541 4607 4543
4542 4544 4478
4543 4609 4545
4544 4546 4480
4545 4611 4547
4546 4548 4482
4547 4613 4549
4548 4813 4484
4886 4615 4551
4550 4552 4486
4551 4617 4553
4552 4554 4488
4553 4619 4555
4554 4556 4490
4555 4621 4557
4556 4558 4492
4557 4623 4559
4558 4560 4494
4559 4625 4561
4560 4562 4496
4561 4627 4563
4562 4564 4498
4563 4629 4565
4564 4566 4500
4565 4631 4567
4566 4568 4502
4567 4633 4569
4568 4570 4504
4569 4635 4571
4570 4572 4506
4571 4637 4573
4572 4574 4508
4573 4639 4575
4574 4576 4510
4575 4641 4577
4576 4578 4512
4577 4643 4579
4578 4580 4514
4579 4645 4581
4580 4582 4516
4581 4647 4583
4582 4584 4518
4583 4649 4585
4584 4586 4520
4585 4651 4587
4586 4588 4522
4587 4653 4589
4588 4590 4524
4589 4655 4591
4590 4592 4526
4591 4657 4593
4592 4594 4528
4593 4659 4595
4594 4596 4530
4595 4661 4597
4596 4598 4532
4597 4663 4599
4598 4600 4534
4599 4665 4601
4600 4602 4536
4601 4667 4603
4602 4604 4538
4603 4669 4605
4604 4606 4540
4605 4671 4607
4606 4608 4542
4607 4673 4609
4608 4610 4544
4609 4675 4611
4610 4612 4546
4611 4677 4613
4612 4614 4548
4613 4679 4814
4887 4616 4550
4615 4712 4617
4616 4618 4552
4617 4713 4619
4618 4620 4554
4619 4714 4621
4620 4622 4556
4621 4715 4623
4622 4624 4558
4623 4716 4625
4624 4626 4560
4625 4717 4627
4626 4628 4562
4627 4718 4629
4628 4630 4564
4629 4719 4631
4630 4632 4566
4631 4720 4633
4632 4634 4568
4633 4721 4635
4634 4636 4570
4635 4722 4637
4636 4638 4572
4637 4723 4639
4638 4640 4574
4639 4724 4641
4640 4642 4576
4641 4725 4643
4642 4644 4578
4643 4726 4645
4644 4646 4580
4645 4727 4647
4646 4648 4582
4647 4728 4649
4648 4650 4584
4649 4729 4651
4650 4652 4586
4651 4730 4653
4652 4654 4588
4653 4731 4655
4654 4656 4590
4655 4732 4657
4656 4658 4592
4657 4733 4659
4658 4660 4594
4659 4734 4661
4660 4662 4596
4661 4735 4663
4662 4664 4598
4663 4736 4665
4664 4666 4600
4665 4737 4667
4666 4668 4602
4667 4738 4669
4668 4670 4604
4669 4739 4671
4670 4672 4606
4671 4740 4673
4672 4674 4608
4673 4741 4675
4674 4676 4610
4675 4742 4677
4676 4678 4612
4677 4743 4679
4678 4815 4614
1 -1 -1
3 -1 -1
5 -1 -1
7 -1 -1
9 -1 -1
11 -1 -1
13 -1 -1
15 -1 -1
17 -1 -1
19 -1 -1
21 -1 -1
23 -1 -1
25 -1 -1
27 -1 -1
29 -1 -1
31 -1 -1
33 -1 -1
35 -1 -1
37 -1 -1
39 -1 -1
41 -1 -1
43 -1 -1
45 -1 -1
47 -1 -1
49 -1 -1
51 -1 -1
53 -1 -1
55 -1 -1
57 -1 -1
59 -1 -1
61 -1 -1
63 -1 -1
4616 -1 -1
4618 -1 -1
4620 -1 -1
4622 -1 -1
4624 -1 -1
4626 -1 -1
4628 -1 -1
4630 -1 -1
4632 -1 -1
4634 -1 -1
4636 -1 -1
4638 -1 -1
4640 -1 -1
4642 -1 -1
4644 -1 -1
4646 -1 -1
4648 -1 -1
4650 -1 -1
4652 -1 -1
4654 -1 -1
4656 -1 -1
4658 -1 -1
4660 -1 -1
4662 -1 -1
4664 -1 -1
4666 -1 -1
4668 -1 -1
4670 -1 -1
4672 -1 -1
4674 -1 -1
4676 -1 -1
4678 -1 -1
64 -1 -1
129 -1 -1
194 -1 -1
259 -1 -1
324 -1 -1
389 -1 -1
454 -1 -1
519 -1 -1
584 -1 -1
649 -1 -1
714 -1 -1
779 -1 -1
844 -1 -1
909 -1 -1
974 -1 -1
1039 -1 -1
1104 -1 -1
1169 -1 -1
1234 -1 -1
1299 -1 -1
1364 -1 -1
1429 -1 -1
1494 -1 -1
1559 -1 -1
1624 -1 -1
1689 -1 -1
1754 -1 -1
1819 -1 -1
1884 -1 -1
1949 -1 -1
2014 -1 -1
2079 -1 -1
2144 -1 -1
2209 -1 -1
2274 -1 -1
2339 -1 -1
2404 -1 -1
2469 -1 -1
2534 -1 -1
2599 -1 -1
2664 -1 -1
2729 -1 -1
2794 -1 -1
2859 -1 -1
2924 -1 -1
2989 -1 -1
3054 -1 -1
3119 -1 -1
3184 -1 -1
3249 -1 -1
3314 -1 -1
3379 -1 -1
3444 -1 -1
3509 -1 -1
3574 -1 -1
3639 -1 -1
3704 -1 -1
3769 -1 -1
3834 -1 -1
3899 -1 -1
3964 -1 -1
4029 -1 -1
4094 -1 -1
4159 -1 -1
4224 -1 -1
4289 -1 -1
4354 -1 -1
4419 -1 -1
4484 -1 -1
4549 -1 -1
4614 -1 -1
4679 -1 -1
0 -1 -1
65 -1 -1
130 -1 -1
195 -1 -1
260 -1 -1
325 -1 -1
390 -1 -1
455 -1 -1
520 -1 -1
585 -1 -1
650 -1 -1
715 -1 -1
780 -1 -1
845 -1 -1
910 -1 -1
975 -1 -1
1040 -1 -1
1105 -1 -1
1170 -1 -1
1235 -1 -1
1300 -1 -1
1365 -1 -1
1430 -1 -1
1495 -1 -1
1560 -1 -1
1625 -1 -1
1690 -1 -1
1755 -1 -1
1820 -1 -1
1885 -1 -1
1950 -1 -1
2015 -1 -1
2080 -1 -1
2145 -1 -1
2210 -1 -1
2275 -1 -1
2340 -1 -1
2405 -1 -1
2470 -1 -1
2535 -1 -1
2600 -1 -1
2665 -1 -1
2730 -1 -1
2795 -1 -1
2860 -1 -1
2925 -1 -1
2990 -1 -1
3055 -1 -1
3120 -1 -1
3185 -1 -1
3250 -1 -1
3315 -1 -1
3380 -1 -1
3445 -1 -1
3510 -1 -1
3575 -1 -1
3640 -1 -1
3705 -1 -1
3770 -1 -1
3835 -1 -1
3900 -1 -1
3965 -1 -1
4030 -1 -1
4095 -1 -1
4160 -1 -1
4225 -1 -1
4290 -1 -1
4355 -1 -1
4420 -1 -1
4485 -1 -1
4550 -1 -1
4615 -1 -1
