# 208 3
4680 1 1
4681 3 1
4682 5 1
4683 7 1
4684 9 1
4685 11 1
4686 13 1
4687 15 1
4688 17 1
4689 19 1
4690 21 1
4691 23 1
4692 25 1
4693 27 1
4694 29 1
4695 31 1
4696 33 1
4697 35 1
4698 37 1
4699 39 1
4700 41 1
4701 43 1
4702 45 1
4703 47 1
4704 49 1
4705 51 1
4706 53 1
4707 55 1
4708 57 1
4709 59 1
4710 61 1
4711 63 1
4712 4616 1
4713 4618 1
4714 4620 1
4715 4622 1
4716 4624 1
4717 4626 1
4718 4628 1
4719 4630 1
4720 4632 1
4721 4634 1
4722 4636 1
4723 4638 1
4724 4640 1
4725 4642 1
4726 4644 1
4727 4646 1
4728 4648 1
4729 4650 1
4730 4652 1
4731 4654 1
4732 4656 1
4733 4658 1
4734 4660 1
4735 4662 1
4736 4664 1
4737 4666 1
4738 4668 1
4739 4670 1
4740 4672 1
4741 4674 1
4742 4676 1
4743 4678 1
4744 64 1
4745 129 1
4746 194 1
4747 259 1
4748 324 1
4749 389 1
4750 454 1
4751 519 1
4752 584 1
4753 649 1
4754 714 1
4755 779 1
4756 844 1
4757 909 1
4758 974 1
4759 1039 1
4760 1104 1
4761 1169 1
4762 1234 1
4763 1299 1
4764 1364 1
4765 1429 1
4766 1494 1
4767 1559 1
4768 1624 1
4769 1689 1
4770 1754 1
4771 1819 1
4772 1884 1
4773 1949 1
4774 2014 1
4775 2079 1
4776 2144 1
4777 2209 1
4778 2274 1
4779 2339 1
4780 2404 1
4781 2469 1
4782 2534 1
4783 2599 1
4784 2664 1
4785 2729 1
4786 2794 1
4787 2859 1
4788 2924 1
4789 2989 1
4790 3054 1
4791 3119 1
4792 3184 1
4793 3249 1
4794 3314 1
4795 3379 1
4796 3444 1
4797 3509 1
4798 3574 1
4799 3639 1
4800 3704 1
4801 3769 1
4802 3834 1
4803 3899 1
4804 3964 1
4805 4029 1
4806 4094 1
4807 4159 1
4808 4224 1
4809 4289 1
4810 4354 1
4811 4419 1
4812 4484 1
4813 4549 1
4814 4614 1
4815 4679 1
4816 0 1
4817 65 1
4818 130 1
4819 195 1
4820 260 1
4821 325 1
4822 390 1
4823 455 1
4824 520 1
4825 585 1
4826 650 1
4827 715 1
4828 780 1
4829 845 1
4830 910 1
4831 975 1
4832 1040 1
4833 1105 1
4834 1170 1
4835 1235 1
4836 1300 1
4837 1365 1
4838 1430 1
4839 1495 1
4840 1560 1
4841 1625 1
4842 1690 1
4843 1755 1
4844 1820 1
4845 1885 1
4846 1950 1
4847 2015 1
4848 2080 1
4849 2145 1
4850 2210 1
4851 2275 1
4852 2340 1
4853 2405 1
4854 2470 1
4855 2535 1
4856 2600 1
4857 2665 1
4858 2730 1
4859 2795 1
4860 2860 1
4861 2925 1
4862 2990 1
4863 3055 1
4864 3120 1
4865 3185 1
4866 3250 1
4867 3315 1
4868 3380 1
4869 3445 1
4870 3510 1
4871 3575 1
4872 3640 1
4873 3705 1
4874 3770 1
4875 3835 1
4876 3900 1
4877 3965 1
4878 4030 1
4879 4095 1
4880 4160 1
4881 4225 1
4882 4290 1
4883 4355 1
4884 4420 1
4885 4485 1
4886 4550 1
4887 4615 1
