# 2653 2
0.00000000E+00 0.00000000E+00
0.00000000E+00 3.12500000E-02
0.00000000E+00 6.25000000E-02
0.00000000E+00 9.37500000E-02
0.00000000E+00 1.25000000E-01
0.00000000E+00 1.56250000E-01
0.00000000E+00 1.87500000E-01
0.00000000E+00 2.18750000E-01
0.00000000E+00 2.50000000E-01
0.00000000E+00 2.81250000E-01
0.00000000E+00 3.12500000E-01
0.00000000E+00 3.43750000E-01
0.00000000E+00 3.75000000E-01
0.00000000E+00 4.06250000E-01
0.00000000E+00 4.37500000E-01
0.00000000E+00 4.68750000E-01
0.00000000E+00 5.00000000E-01
0.00000000E+00 5.31250000E-01
0.00000000E+00 5.62500000E-01
0.00000000E+00 5.93750000E-01
0.00000000E+00 6.25000000E-01
0.00000000E+00 6.56250000E-01
0.00000000E+00 6.87500000E-01
0.00000000E+00 7.18750000E-01
0.00000000E+00 7.50000000E-01
0.00000000E+00 7.81250000E-01
0.00000000E+00 8.12500000E-01
0.00000000E+00 8.43750000E-01
0.00000000E+00 8.75000000E-01
0.00000000E+00 9.06250000E-01
0.00000000E+00 9.37500000E-01
0.00000000E+00 9.68750000E-01
0.00000000E+00 1.00000000E+00
2.77777780E-02 0.00000000E+00
2.77777780E-02 1.56250000E-02
2.77777780E-02 4.68750000E-02
2.77777780E-02 7.81250000E-02
2.77777780E-02 1.09375000E-01
2.77777780E-02 1.40625000E-01
2.77777780E-02 1.71875000E-01
2.77777780E-02 2.03125000E-01
2.77777780E-02 2.34375000E-01
2.77777780E-02 2.65625000E-01
2.77777780E-02 2.96875000E-01
2.77777780E-02 3.28125000E-01
2.77777780E-02 3.59375000E-01
2.77777780E-02 3.90625000E-01
2.77777780E-02 4.21875000E-01
2.77777780E-02 4.53125000E-01
2.77777780E-02 4.84375000E-01
2.77777780E-02 5.15625000E-01
2.77777780E-02 5.46875000E-01
2.77777780E-02 5.78125000E-01
2.77777780E-02 6.09375000E-01
2.77777780E-02 6.40625000E-01
2.77777780E-02 6.71875000E-01
2.77777780E-02 7.03125000E-01
2.77777780E-02 7.34375000E-01
2.77777780E-02 7.65625000E-01
2.77777780E-02 7.96875000E-01
2.77777780E-02 8.28125000E-01
2.77777780E-02 8.59375000E-01
2.77777780E-02 8.90625000E-01
2.77777780E-02 9.21875000E-01
2.77777780E-02 9.53125000E-01
2.77777780E-02 9.84375000E-01
2.77777780E-02 1.00000000E+00
5.55555560E-02 0.00000000E+00
5.55555560E-02 3.12500000E-02
5.55555560E-02 6.25000000E-02
5.55555560E-02 9.37500000E-02
5.55555560E-02 1.25000000E-01
5.55555560E-02 1.56250000E-01
5.55555560E-02 1.87500000E-01
5.55555560E-02 2.18750000E-01
5.55555560E-02 2.50000000E-01
5.55555560E-02 2.81250000E-01
5.55555560E-02 3.12500000E-01
5.55555560E-02 3.43750000E-01
5.55555560E-02 3.75000000E-01
5.55555560E-02 4.06250000E-01
5.55555560E-02 4.37500000E-01
5.55555560E-02 4.68750000E-01
5.55555560E-02 5.00000000E-01
5.55555560E-02 5.31250000E-01
5.55555560E-02 5.62500000E-01
5.55555560E-02 5.93750000E-01
5.55555560E-02 6.25000000E-01
5.55555560E-02 6.56250000E-01
5.55555560E-02 6.87500000E-01
5.55555560E-02 7.18750000E-01
5.55555560E-02 7.50000000E-01
5.55555560E-02 7.81250000E-01
5.55555560E-02 8.12500000E-01
5.55555560E-02 8.43750000E-01
5.55555560E-02 8.75000000E-01
5.55555560E-02 9.06250000E-01
5.55555560E-02 9.37500000E-01
5.55555560E-02 9.68750000E-01
5.55555560E-02 1.00000000E+00
8.33333330E-02 0.00000000E+00
8.33333330E-02 1.56250000E-02
8.33333330E-02 4.68750000E-02
8.33333330E-02 7.81250000E-02
8.33333330E-02 1.09375000E-01
8.33333330E-02 1.40625000E-01
8.33333330E-02 1.71875000E-01
8.33333330E-02 2.03125000E-01
8.33333330E-02 2.34375000E-01
8.33333330E-02 2.65625000E-01
8.33333330E-02 2.96875000E-01
8.33333330E-02 3.28125000E-01
8.33333330E-02 3.59375000E-01
8.33333330E-02 3.90625000E-01
8.33333330E-02 4.21875000E-01
8.33333330E-02 4.53125000E-01
8.33333330E-02 4.84375000E-01
8.33333330E-02 5.15625000E-01
8.33333330E-02 5.46875000E-01
8.33333330E-02 5.78125000E-01
8.33333330E-02 6.09375000E-01
8.33333330E-02 6.40625000E-01
8.33333330E-02 6.71875000E-01
8.33333330E-02 7.03125000E-01
8.33333330E-02 7.34375000E-01
8.33333330E-02 7.65625000E-01
8.33333330E-02 7.96875000E-01
8.33333330E-02 8.28125000E-01
8.33333330E-02 8.59375000E-01
8.33333330E-02 8.90625000E-01
8.33333330E-02 9.21875000E-01
8.33333330E-02 9.53125000E-01
8.33333330E-02 9.84375000E-01
8.33333330E-02 1.00000000E+00
1.11111111E-01 0.00000000E+00
1.11111111E-01 3.12500000E-02
1.11111111E-01 6.25000000E-02
1.11111111E-01 9.37500000E-02
1.11111111E-01 1.25000000E-01
1.11111111E-01 1.56250000E-01
1.11111111E-01 1.87500000E-01
1.11111111E-01 2.18750000E-01
1.11111111E-01 2.50000000E-01
1.11111111E-01 2.81250000E-01
1.11111111E-01 3.12500000E-01
1.11111111E-01 3.43750000E-01
1.11111111E-01 3.75000000E-01
1.11111111E-01 4.06250000E-01
1.11111111E-01 4.37500000E-01
1.11111111E-01 4.68750000E-01
1.11111111E-01 5.00000000E-01
1.11111111E-01 5.31250000E-01
1.11111111E-01 5.62500000E-01
1.11111111E-01 5.93750000E-01
1.11111111E-01 6.25000000E-01
1.11111111E-01 6.56250000E-01
1.11111111E-01 6.87500000E-01
1.11111111E-01 7.18750000E-01
1.11111111E-01 7.50000000E-01
1.11111111E-01 7.81250000E-01
1.11111111E-01 8.12500000E-01
1.11111111E-01 8.43750000E-01
1.11111111E-01 8.75000000E-01
1.11111111E-01 9.06250000E-01
1.11111111E-01 9.37500000E-01
1.11111111E-01 9.68750000E-01
1.11111111E-01 1.00000000E+00
1.38888889E-01 0.00000000E+00
1.38888889E-01 1.56250000E-02
1.38888889E-01 4.68750000E-02
1.38888889E-01 7.81250000E-02
1.38888889E-01 1.09375000E-01
1.38888889E-01 1.40625000E-01
1.38888889E-01 1.71875000E-01
1.38888889E-01 2.03125000E-01
1.38888889E-01 2.34375000E-01
1.38888889E-01 2.65625000E-01
1.38888889E-01 2.96875000E-01
1.38888889E-01 3.28125000E-01
1.38888889E-01 3.59375000E-01
1.38888889E-01 3.90625000E-01
1.38888889E-01 4.21875000E-01
1.38888889E-01 4.53125000E-01
1.38888889E-01 4.84375000E-01
1.38888889E-01 5.15625000E-01
1.38888889E-01 5.46875000E-01
1.38888889E-01 5.78125000E-01
1.38888889E-01 6.09375000E-01
1.38888889E-01 6.40625000E-01
1.38888889E-01 6.71875000E-01
1.38888889E-01 7.03125000E-01
1.38888889E-01 7.34375000E-01
1.38888889E-01 7.65625000E-01
1.38888889E-01 7.96875000E-01
1.38888889E-01 8.28125000E-01
1.38888889E-01 8.59375000E-01
1.38888889E-01 8.90625000E-01
1.38888889E-01 9.21875000E-01
1.38888889E-01 9.53125000E-01
1.38888889E-01 9.84375000E-01
1.38888889E-01 1.00000000E+00
1.66666667E-01 0.00000000E+00
1.66666667E-01 3.12500000E-02
1.66666667E-01 6.25000000E-02
1.66666667E-01 9.37500000E-02
1.66666667E-01 1.25000000E-01
1.66666667E-01 1.56250000E-01
1.66666667E-01 1.87500000E-01
1.66666667E-01 2.18750000E-01
1.66666667E-01 2.50000000E-01
1.66666667E-01 2.81250000E-01
1.66666667E-01 3.12500000E-01
1.66666667E-01 3.43750000E-01
1.66666667E-01 3.75000000E-01
1.66666667E-01 4.06250000E-01
1.66666667E-01 4.37500000E-01
1.66666667E-01 4.68750000E-01
1.66666667E-01 5.00000000E-01
1.66666667E-01 5.31250000E-01
1.66666667E-01 5.62500000E-01
1.66666667E-01 5.93750000E-01
1.66666667E-01 6.25000000E-01
1.66666667E-01 6.56250000E-01
1.66666667E-01 6.87500000E-01
1.66666667E-01 7.18750000E-01
1.66666667E-01 7.50000000E-01
1.66666667E-01 7.81250000E-01
1.66666667E-01 8.12500000E-01
1.66666667E-01 8.43750000E-01
1.66666667E-01 8.75000000E-01
1.66666667E-01 9.06250000E-01
1.66666667E-01 9.37500000E-01
1.66666667E-01 9.68750000E-01
1.66666667E-01 1.00000000E+00
1.94444444E-01 0.00000000E+00
1.94444444E-01 1.56250000E-02
1.94444444E-01 4.68750000E-02
1.94444444E-01 7.81250000E-02
1.94444444E-01 1.09375000E-01
1.94444444E-01 1.40625000E-01
1.94444444E-01 1.71875000E-01
1.94444444E-01 2.03125000E-01
1.94444444E-01 2.34375000E-01
1.94444444E-01 2.65625000E-01
1.94444444E-01 2.96875000E-01
1.94444444E-01 3.28125000E-01
1.94444444E-01 3.59375000E-01
1.94444444E-01 3.90625000E-01
1.94444444E-01 4.21875000E-01
1.94444444E-01 4.53125000E-01
1.94444444E-01 4.84375000E-01
1.94444444E-01 5.15625000E-01
1.94444444E-01 5.46875000E-01
1.94444444E-01 5.78125000E-01
1.94444444E-01 6.09375000E-01
1.94444444E-01 6.40625000E-01
1.94444444E-01 6.71875000E-01
1.94444444E-01 7.03125000E-01
1.94444444E-01 7.34375000E-01
1.94444444E-01 7.65625000E-01
1.94444444E-01 7.96875000E-01
1.94444444E-01 8.28125000E-01
1.94444444E-01 8.59375000E-01
1.94444444E-01 8.90625000E-01
1.94444444E-01 9.21875000E-01
1.94444444E-01 9.53125000E-01
1.94444444E-01 9.84375000E-01
1.94444444E-01 1.00000000E+00
2.22222222E-01 0.00000000E+00
2.22222222E-01 3.12500000E-02
2.22222222E-01 6.25000000E-02
2.22222222E-01 9.37500000E-02
2.22222222E-01 1.25000000E-01
2.22222222E-01 1.56250000E-01
2.22222222E-01 1.87500000E-01
2.22222222E-01 2.18750000E-01
2.22222222E-01 2.50000000E-01
2.22222222E-01 2.81250000E-01
2.22222222E-01 3.12500000E-01
2.22222222E-01 3.43750000E-01
2.22222222E-01 3.75000000E-01
2.22222222E-01 4.06250000E-01
2.22222222E-01 4.37500000E-01
2.22222222E-01 4.68750000E-01
2.22222222E-01 5.00000000E-01
2.22222222E-01 5.31250000E-01
2.22222222E-01 5.62500000E-01
2.22222222E-01 5.93750000E-01
2.22222222E-01 6.25000000E-01
2.22222222E-01 6.56250000E-01
2.22222222E-01 6.87500000E-01
2.22222222E-01 7.18750000E-01
2.22222222E-01 7.50000000E-01
2.22222222E-01 7.81250000E-01
2.22222222E-01 8.12500000E-01
2.22222222E-01 8.43750000E-01
2.22222222E-01 8.75000000E-01
2.22222222E-01 9.06250000E-01
2.22222222E-01 9.37500000E-01
2.22222222E-01 9.68750000E-01
2.22222222E-01 1.00000000E+00
2.50000000E-01 0.00000000E+00
2.50000000E-01 1.56250000E-02
2.50000000E-01 4.68750000E-02
2.50000000E-01 7.81250000E-02
2.50000000E-01 1.09375000E-01
2.50000000E-01 1.40625000E-01
2.50000000E-01 1.71875000E-01
2.50000000E-01 2.03125000E-01
2.50000000E-01 2.34375000E-01
2.50000000E-01 2.65625000E-01
2.50000000E-01 2.96875000E-01
2.50000000E-01 3.28125000E-01
2.50000000E-01 3.59375000E-01
2.50000000E-01 3.90625000E-01
2.50000000E-01 4.21875000E-01
2.50000000E-01 4.53125000E-01
2.50000000E-01 4.84375000E-01
2.50000000E-01 5.15625000E-01
2.50000000E-01 5.46875000E-01
2.50000000E-01 5.78125000E-01
2.50000000E-01 6.09375000E-01
2.50000000E-01 6.40625000E-01
2.50000000E-01 6.71875000E-01
2.50000000E-01 7.03125000E-01
2.50000000E-01 7.34375000E-01
2.50000000E-01 7.65625000E-01
2.50000000E-01 7.96875000E-01
2.50000000E-01 8.28125000E-01
2.50000000E-01 8.59375000E-01
2.50000000E-01 8.90625000E-01
2.50000000E-01 9.21875000E-01
2.50000000E-01 9.53125000E-01
2.50000000E-01 9.84375000E-01
2.50000000E-01 1.00000000E+00
2.77777778E-01 0.00000000E+00
2.77777778E-01 3.12500000E-02
2.77777778E-01 6.25000000E-02
2.77777778E-01 9.37500000E-02
2.77777778E-01 1.25000000E-01
2.77777778E-01 1.56250000E-01
2.77777778E-01 1.87500000E-01
2.77777778E-01 2.18750000E-01
2.77777778E-01 2.50000000E-01
2.77777778E-01 2.81250000E-01
2.77777778E-01 3.12500000E-01
2.77777778E-01 3.43750000E-01
2.77777778E-01 3.75000000E-01
2.77777778E-01 4.06250000E-01
2.77777778E-01 4.37500000E-01
2.77777778E-01 4.68750000E-01
2.77777778E-01 5.00000000E-01
2.77777778E-01 5.31250000E-01
2.77777778E-01 5.62500000E-01
2.77777778E-01 5.93750000E-01
2.77777778E-01 6.25000000E-01
2.77777778E-01 6.56250000E-01
2.77777778E-01 6.87500000E-01
2.77777778E-01 7.18750000E-01
2.77777778E-01 7.50000000E-01
2.77777778E-01 7.81250000E-01
2.77777778E-01 8.12500000E-01
2.77777778E-01 8.43750000E-01
2.77777778E-01 8.75000000E-01
2.77777778E-01 9.06250000E-01
2.77777778E-01 9.37500000E-01
2.77777778E-01 9.68750000E-01
2.77777778E-01 1.00000000E+00
3.05555556E-01 0.00000000E+00
3.05555556E-01 1.56250000E-02
3.05555556E-01 4.68750000E-02
3.05555556E-01 7.81250000E-02
3.05555556E-01 1.09375000E-01
3.05555556E-01 1.40625000E-01
3.05555556E-01 1.71875000E-01
3.05555556E-01 2.03125000E-01
3.05555556E-01 2.34375000E-01
3.05555556E-01 2.65625000E-01
3.05555556E-01 2.96875000E-01
3.05555556E-01 3.28125000E-01
3.05555556E-01 3.59375000E-01
3.05555556E-01 3.90625000E-01
3.05555556E-01 4.21875000E-01
3.05555556E-01 4.53125000E-01
3.05555556E-01 4.84375000E-01
3.05555556E-01 5.15625000E-01
3.05555556E-01 5.46875000E-01
3.05555556E-01 5.78125000E-01
3.05555556E-01 6.09375000E-01
3.05555556E-01 6.40625000E-01
3.05555556E-01 6.71875000E-01
3.05555556E-01 7.03125000E-01
3.05555556E-01 7.34375000E-01
3.05555556E-01 7.65625000E-01
3.05555556E-01 7.96875000E-01
3.05555556E-01 8.28125000E-01
3.05555556E-01 8.59375000E-01
3.05555556E-01 8.90625000E-01
3.05555556E-01 9.21875000E-01
3.05555556E-01 9.53125000E-01
3.05555556E-01 9.84375000E-01
3.05555556E-01 1.00000000E+00
3.33333333E-01 0.00000000E+00
3.33333333E-01 3.12500000E-02
3.33333333E-01 6.25000000E-02
3.33333333E-01 9.37500000E-02
3.33333333E-01 1.25000000E-01
3.33333333E-01 1.56250000E-01
3.33333333E-01 1.87500000E-01
3.33333333E-01 2.18750000E-01
3.33333333E-01 2.50000000E-01
3.33333333E-01 2.81250000E-01
3.33333333E-01 3.12500000E-01
3.33333333E-01 3.43750000E-01
3.33333333E-01 3.75000000E-01
3.33333333E-01 4.06250000E-01
3.33333333E-01 4.37500000E-01
3.33333333E-01 4.68750000E-01
3.33333333E-01 5.00000000E-01
3.33333333E-01 5.31250000E-01
3.33333333E-01 5.62500000E-01
3.33333333E-01 5.93750000E-01
3.33333333E-01 6.25000000E-01
3.33333333E-01 6.56250000E-01
3.33333333E-01 6.87500000E-01
3.33333333E-01 7.18750000E-01
3.33333333E-01 7.50000000E-01
3.33333333E-01 7.81250000E-01
3.33333333E-01 8.12500000E-01
3.33333333E-01 8.43750000E-01
3.33333333E-01 8.75000000E-01
3.33333333E-01 9.06250000E-01
3.33333333E-01 9.37500000E-01
3.33333333E-01 9.68750000E-01
3.33333333E-01 1.00000000E+00
3.61111111E-01 0.00000000E+00
3.61111111E-01 1.56250000E-02
3.61111111E-01 4.68750000E-02
3.61111111E-01 7.81250000E-02
3.61111111E-01 1.09375000E-01
3.61111111E-01 1.40625000E-01
3.61111111E-01 1.71875000E-01
3.61111111E-01 2.03125000E-01
3.61111111E-01 2.34375000E-01
3.61111111E-01 2.65625000E-01
3.61111111E-01 2.96875000E-01
3.61111111E-01 3.28125000E-01
3.61111111E-01 3.59375000E-01
3.61111111E-01 3.90625000E-01
3.61111111E-01 4.21875000E-01
3.61111111E-01 4.53125000E-01
3.61111111E-01 4.84375000E-01
3.61111111E-01 5.15625000E-01
3.61111111E-01 5.46875000E-01
3.61111111E-01 5.78125000E-01
3.61111111E-01 6.09375000E-01
3.61111111E-01 6.40625000E-01
3.61111111E-01 6.71875000E-01
3.61111111E-01 7.03125000E-01
3.61111111E-01 7.34375000E-01
3.61111111E-01 7.65625000E-01
3.61111111E-01 7.96875000E-01
3.61111111E-01 8.28125000E-01
3.61111111E-01 8.59375000E-01
3.61111111E-01 8.90625000E-01
3.61111111E-01 9.21875000E-01
3.61111111E-01 9.53125000E-01
3.61111111E-01 9.84375000E-01
3.61111111E-01 1.00000000E+00
3.88888889E-01 0.00000000E+00
3.88888889E-01 3.12500000E-02
3.88888889E-01 6.25000000E-02
3.88888889E-01 9.37500000E-02
3.88888889E-01 1.25000000E-01
3.88888889E-01 1.56250000E-01
3.88888889E-01 1.87500000E-01
3.88888889E-01 2.18750000E-01
3.88888889E-01 2.50000000E-01
3.88888889E-01 2.81250000E-01
3.88888889E-01 3.12500000E-01
3.88888889E-01 3.43750000E-01
3.88888889E-01 3.75000000E-01
3.88888889E-01 4.06250000E-01
3.88888889E-01 4.37500000E-01
3.88888889E-01 4.68750000E-01
3.88888889E-01 5.00000000E-01
3.88888889E-01 5.31250000E-01
3.88888889E-01 5.62500000E-01
3.88888889E-01 5.93750000E-01
3.88888889E-01 6.25000000E-01
3.88888889E-01 6.56250000E-01
3.88888889E-01 6.87500000E-01
3.88888889E-01 7.18750000E-01
3.88888889E-01 7.50000000E-01
3.88888889E-01 7.81250000E-01
3.88888889E-01 8.12500000E-01
3.88888889E-01 8.43750000E-01
3.88888889E-01 8.75000000E-01
3.88888889E-01 9.06250000E-01
3.88888889E-01 9.37500000E-01
3.88888889E-01 9.68750000E-01
3.88888889E-01 1.00000000E+00
4.16666667E-01 0.00000000E+00
4.16666667E-01 1.56250000E-02
4.16666667E-01 4.68750000E-02
4.16666667E-01 7.81250000E-02
4.16666667E-01 1.09375000E-01
4.16666667E-01 1.40625000E-01
4.16666667E-01 1.71875000E-01
4.16666667E-01 2.03125000E-01
4.16666667E-01 2.34375000E-01
4.16666667E-01 2.65625000E-01
4.16666667E-01 2.96875000E-01
4.16666667E-01 3.28125000E-01
4.16666667E-01 3.59375000E-01
4.16666667E-01 3.90625000E-01
4.16666667E-01 4.21875000E-01
4.16666667E-01 4.53125000E-01
4.16666667E-01 4.84375000E-01
4.16666667E-01 5.15625000E-01
4.16666667E-01 5.46875000E-01
4.16666667E-01 5.78125000E-01
4.16666667E-01 6.09375000E-01
4.16666667E-01 6.40625000E-01
4.16666667E-01 6.71875000E-01
4.16666667E-01 7.03125000E-01
4.16666667E-01 7.34375000E-01
4.16666667E-01 7.65625000E-01
4.16666667E-01 7.96875000E-01
4.16666667E-01 8.28125000E-01
4.16666667E-01 8.59375000E-01
4.16666667E-01 8.90625000E-01
4.16666667E-01 9.21875000E-01
4.16666667E-01 9.53125000E-01
4.16666667E-01 9.84375000E-01
4.16666667E-01 1.00000000E+00
4.44444444E-01 0.00000000E+00
4.44444444E-01 3.12500000E-02
4.44444444E-01 6.25000000E-02
4.44444444E-01 9.37500000E-02
4.44444444E-01 1.25000000E-01
4.44444444E-01 1.56250000E-01
4.44444444E-01 1.87500000E-01
4.44444444E-01 2.18750000E-01
4.44444444E-01 2.50000000E-01
4.44444444E-01 2.81250000E-01
4.44444444E-01 3.12500000E-01
4.44444444E-01 3.43750000E-01
4.44444444E-01 3.75000000E-01
4.44444444E-01 4.06250000E-01
4.44444444E-01 4.37500000E-01
4.44444444E-01 4.68750000E-01
4.44444444E-01 5.00000000E-01
4.44444444E-01 5.31250000E-01
4.44444444E-01 5.62500000E-01
4.44444444E-01 5.93750000E-01
4.44444444E-01 6.25000000E-01
4.44444444E-01 6.56250000E-01
4.44444444E-01 6.87500000E-01
4.44444444E-01 7.18750000E-01
4.44444444E-01 7.50000000E-01
4.44444444E-01 7.81250000E-01
4.44444444E-01 8.12500000E-01
4.44444444E-01 8.43750000E-01
4.44444444E-01 8.75000000E-01
4.44444444E-01 9.06250000E-01
4.44444444E-01 9.37500000E-01
4.44444444E-01 9.68750000E-01
4.44444444E-01 1.00000000E+00
4.72222222E-01 0.00000000E+00
4.72222222E-01 1.56250000E-02
4.72222222E-01 4.68750000E-02
4.72222222E-01 7.81250000E-02
4.72222222E-01 1.09375000E-01
4.72222222E-01 1.40625000E-01
4.72222222E-01 1.71875000E-01
4.72222222E-01 2.03125000E-01
4.72222222E-01 2.34375000E-01
4.72222222E-01 2.65625000E-01
4.72222222E-01 2.96875000E-01
4.72222222E-01 3.28125000E-01
4.72222222E-01 3.59375000E-01
4.72222222E-01 3.90625000E-01
4.72222222E-01 4.21875000E-01
4.72222222E-01 4.53125000E-01
4.72222222E-01 4.84375000E-01
4.72222222E-01 5.15625000E-01
4.72222222E-01 5.46875000E-01
4.72222222E-01 5.78125000E-01
4.72222222E-01 6.09375000E-01
4.72222222E-01 6.40625000E-01
4.72222222E-01 6.71875000E-01
4.72222222E-01 7.03125000E-01
4.72222222E-01 7.34375000E-01
4.72222222E-01 7.65625000E-01
4.72222222E-01 7.96875000E-01
4.72222222E-01 8.28125000E-01
4.72222222E-01 8.59375000E-01
4.72222222E-01 8.90625000E-01
4.72222222E-01 9.21875000E-01
4.72222222E-01 9.53125000E-01
4.72222222E-01 9.84375000E-01
4.72222222E-01 1.00000000E+00
5.00000000E-01 0.00000000E+00
5.00000000E-01 3.12500000E-02
5.00000000E-01 6.25000000E-02
5.00000000E-01 9.37500000E-02
5.00000000E-01 1.25000000E-01
5.00000000E-01 1.56250000E-01
5.00000000E-01 1.87500000E-01
5.00000000E-01 2.18750000E-01
5.00000000E-01 2.50000000E-01
5.00000000E-01 2.81250000E-01
5.00000000E-01 3.12500000E-01
5.00000000E-01 3.43750000E-01
5.00000000E-01 3.75000000E-01
5.00000000E-01 4.06250000E-01
5.00000000E-01 4.37500000E-01
5.00000000E-01 4.68750000E-01
5.00000000E-01 5.00000000E-01
5.00000000E-01 5.31250000E-01
5.00000000E-01 5.62500000E-01
5.00000000E-01 5.93750000E-01
5.00000000E-01 6.25000000E-01
5.00000000E-01 6.56250000E-01
5.00000000E-01 6.87500000E-01
5.00000000E-01 7.18750000E-01
5.00000000E-01 7.50000000E-01
5.00000000E-01 7.81250000E-01
5.00000000E-01 8.12500000E-01
5.00000000E-01 8.43750000E-01
5.00000000E-01 8.75000000E-01
5.00000000E-01 9.06250000E-01
5.00000000E-01 9.37500000E-01
5.00000000E-01 9.68750000E-01
5.00000000E-01 1.00000000E+00
5.27777778E-01 0.00000000E+00
5.27777778E-01 1.56250000E-02
5.27777778E-01 4.68750000E-02
5.27777778E-01 7.81250000E-02
5.27777778E-01 1.09375000E-01
5.27777778E-01 1.40625000E-01
5.27777778E-01 1.71875000E-01
5.27777778E-01 2.03125000E-01
5.27777778E-01 2.34375000E-01
5.27777778E-01 2.65625000E-01
5.27777778E-01 2.96875000E-01
5.27777778E-01 3.28125000E-01
5.27777778E-01 3.59375000E-01
5.27777778E-01 3.90625000E-01
5.27777778E-01 4.21875000E-01
5.27777778E-01 4.53125000E-01
5.27777778E-01 4.84375000E-01
5.27777778E-01 5.15625000E-01
5.27777778E-01 5.46875000E-01
5.27777778E-01 5.78125000E-01
5.27777778E-01 6.09375000E-01
5.27777778E-01 6.40625000E-01
5.27777778E-01 6.71875000E-01
5.27777778E-01 7.03125000E-01
5.27777778E-01 7.34375000E-01
5.27777778E-01 7.65625000E-01
5.27777778E-01 7.96875000E-01
5.27777778E-01 8.28125000E-01
5.27777778E-01 8.59375000E-01
5.27777778E-01 8.90625000E-01
5.27777778E-01 9.21875000E-01
5.27777778E-01 9.53125000E-01
5.27777778E-01 9.84375000E-01
5.27777778E-01 1.00000000E+00
5.55555556E-01 0.00000000E+00
5.55555556E-01 3.12500000E-02
5.55555556E-01 6.25000000E-02
5.55555556E-01 9.37500000E-02
5.55555556E-01 1.25000000E-01
5.55555556E-01 1.56250000E-01
5.55555556E-01 1.87500000E-01
5.55555556E-01 2.18750000E-01
5.55555556E-01 2.50000000E-01
5.55555556E-01 2.81250000E-01
5.55555556E-01 3.12500000E-01
5.55555556E-01 3.43750000E-01
5.55555556E-01 3.75000000E-01
5.55555556E-01 4.06250000E-01
5.55555556E-01 4.37500000E-01
5.55555556E-01 4.68750000E-01
5.55555556E-01 5.00000000E-01
5.55555556E-01 5.31250000E-01
5.55555556E-01 5.62500000E-01
5.55555556E-01 5.93750000E-01
5.55555556E-01 6.25000000E-01
5.55555556E-01 6.56250000E-01
5.55555556E-01 6.87500000E-01
5.55555556E-01 7.18750000E-01
5.55555556E-01 7.50000000E-01
5.55555556E-01 7.81250000E-01
5.55555556E-01 8.12500000E-01
5.55555556E-01 8.43750000E-01
5.55555556E-01 8.75000000E-01
5.55555556E-01 9.06250000E-01
5.55555556E-01 9.37500000E-01
5.55555556E-01 9.68750000E-01
5.55555556E-01 1.00000000E+00
5.83333333E-01 0.00000000E+00
5.83333333E-01 1.56250000E-02
5.83333333E-01 4.68750000E-02
5.83333333E-01 7.81250000E-02
5.83333333E-01 1.09375000E-01
5.83333333E-01 1.40625000E-01
5.83333333E-01 1.71875000E-01
5.83333333E-01 2.03125000E-01
5.83333333E-01 2.34375000E-01
5.83333333E-01 2.65625000E-01
5.83333333E-01 2.96875000E-01
5.83333333E-01 3.28125000E-01
5.83333333E-01 3.59375000E-01
5.83333333E-01 3.90625000E-01
5.83333333E-01 4.21875000E-01
5.83333333E-01 4.53125000E-01
5.83333333E-01 4.84375000E-01
5.83333333E-01 5.15625000E-01
5.83333333E-01 5.46875000E-01
5.83333333E-01 5.78125000E-01
5.83333333E-01 6.09375000E-01
5.83333333E-01 6.40625000E-01
5.83333333E-01 6.71875000E-01
5.83333333E-01 7.03125000E-01
5.83333333E-01 7.34375000E-01
5.83333333E-01 7.65625000E-01
5.83333333E-01 7.96875000E-01
5.83333333E-01 8.28125000E-01
5.83333333E-01 8.59375000E-01
5.83333333E-01 8.90625000E-01
5.83333333E-01 9.21875000E-01
5.83333333E-01 9.53125000E-01
5.83333333E-01 9.84375000E-01
5.83333333E-01 1.00000000E+00
6.11111111E-01 0.00000000E+00
6.11111111E-01 3.12500000E-02
6.11111111E-01 6.25000000E-02
6.11111111E-01 9.37500000E-02
6.11111111E-01 1.25000000E-01
6.11111111E-01 1.56250000E-01
6.11111111E-01 1.87500000E-01
6.11111111E-01 2.18750000E-01
6.11111111E-01 2.50000000E-01
6.11111111E-01 2.81250000E-01
6.11111111E-01 3.12500000E-01
6.11111111E-01 3.43750000E-01
6.11111111E-01 3.75000000E-01
6.11111111E-01 4.06250000E-01
6.11111111E-01 4.37500000E-01
6.11111111E-01 4.68750000E-01
6.11111111E-01 5.00000000E-01
6.11111111E-01 5.31250000E-01
6.11111111E-01 5.62500000E-01
6.11111111E-01 5.93750000E-01
6.11111111E-01 6.25000000E-01
6.11111111E-01 6.56250000E-01
6.11111111E-01 6.87500000E-01
6.11111111E-01 7.18750000E-01
6.11111111E-01 7.50000000E-01
6.11111111E-01 7.81250000E-01
6.11111111E-01 8.12500000E-01
6.11111111E-01 8.43750000E-01
6.11111111E-01 8.75000000E-01
6.11111111E-01 9.06250000E-01
6.11111111E-01 9.37500000E-01
6.11111111E-01 9.68750000E-01
6.11111111E-01 1.00000000E+00
6.38888889E-01 0.00000000E+00
6.38888889E-01 1.56250000E-02
6.38888889E-01 4.68750000E-02
6.38888889E-01 7.81250000E-02
6.38888889E-01 1.09375000E-01
6.38888889E-01 1.40625000E-01
6.38888889E-01 1.71875000E-01
6.38888889E-01 2.03125000E-01
6.38888889E-01 2.34375000E-01
6.38888889E-01 2.65625000E-01
6.38888889E-01 2.96875000E-01
6.38888889E-01 3.28125000E-01
6.38888889E-01 3.59375000E-01
6.38888889E-01 3.90625000E-01
6.38888889E-01 4.21875000E-01
6.38888889E-01 4.53125000E-01
6.38888889E-01 4.84375000E-01
6.38888889E-01 5.15625000E-01
6.38888889E-01 5.46875000E-01
6.38888889E-01 5.78125000E-01
6.38888889E-01 6.09375000E-01
6.38888889E-01 6.40625000E-01
6.38888889E-01 6.71875000E-01
6.38888889E-01 7.03125000E-01
6.38888889E-01 7.34375000E-01
6.38888889E-01 7.65625000E-01
6.38888889E-01 7.96875000E-01
6.38888889E-01 8.28125000E-01
6.38888889E-01 8.59375000E-01
6.38888889E-01 8.90625000E-01
6.38888889E-01 9.21875000E-01
6.38888889E-01 9.53125000E-01
6.38888889E-01 9.84375000E-01
6.38888889E-01 1.00000000E+00
6.66666667E-01 0.00000000E+00
6.66666667E-01 3.12500000E-02
6.66666667E-01 6.25000000E-02
6.66666667E-01 9.37500000E-02
6.66666667E-01 1.25000000E-01
6.66666667E-01 1.56250000E-01
6.66666667E-01 1.87500000E-01
6.66666667E-01 2.18750000E-01
6.66666667E-01 2.50000000E-01
6.66666667E-01 2.81250000E-01
6.66666667E-01 3.12500000E-01
6.66666667E-01 3.43750000E-01
6.66666667E-01 3.75000000E-01
6.66666667E-01 4.06250000E-01
6.66666667E-01 4.37500000E-01
6.66666667E-01 4.68750000E-01
6.66666667E-01 5.00000000E-01
6.66666667E-01 5.31250000E-01
6.66666667E-01 5.62500000E-01
6.66666667E-01 5.93750000E-01
6.66666667E-01 6.25000000E-01
6.66666667E-01 6.56250000E-01
6.66666667E-01 6.87500000E-01
6.66666667E-01 7.18750000E-01
6.66666667E-01 7.50000000E-01
6.66666667E-01 7.81250000E-01
6.66666667E-01 8.12500000E-01
6.66666667E-01 8.43750000E-01
6.66666667E-01 8.75000000E-01
6.66666667E-01 9.06250000E-01
6.66666667E-01 9.37500000E-01
6.66666667E-01 9.68750000E-01
6.66666667E-01 1.00000000E+00
6.94444444E-01 0.00000000E+00
6.94444444E-01 1.56250000E-02
6.94444444E-01 4.68750000E-02
6.94444444E-01 7.81250000E-02
6.94444444E-01 1.09375000E-01
6.94444444E-01 1.40625000E-01
6.94444444E-01 1.71875000E-01
6.94444444E-01 2.03125000E-01
6.94444444E-01 2.34375000E-01
6.94444444E-01 2.65625000E-01
6.94444444E-01 2.96875000E-01
6.94444444E-01 3.28125000E-01
6.94444444E-01 3.59375000E-01
6.94444444E-01 3.90625000E-01
6.94444444E-01 4.21875000E-01
6.94444444E-01 4.53125000E-01
6.94444444E-01 4.84375000E-01
6.94444444E-01 5.15625000E-01
6.94444444E-01 5.46875000E-01
6.94444444E-01 5.78125000E-01
6.94444444E-01 6.09375000E-01
6.94444444E-01 6.40625000E-01
6.94444444E-01 6.71875000E-01
6.94444444E-01 7.03125000E-01
6.94444444E-01 7.34375000E-01
6.94444444E-01 7.65625000E-01
6.94444444E-01 7.96875000E-01
6.94444444E-01 8.28125000E-01
6.94444444E-01 8.59375000E-01
6.94444444E-01 8.90625000E-01
6.94444444E-01 9.21875000E-01
6.94444444E-01 9.53125000E-01
6.94444444E-01 9.84375000E-01
6.94444444E-01 1.00000000E+00
7.22222222E-01 0.00000000E+00
7.22222222E-01 3.12500000E-02
7.22222222E-01 6.25000000E-02
7.22222222E-01 9.37500000E-02
7.22222222E-01 1.25000000E-01
7.22222222E-01 1.56250000E-01
7.22222222E-01 1.87500000E-01
7.22222222E-01 2.18750000E-01
7.22222222E-01 2.50000000E-01
7.22222222E-01 2.81250000E-01
7.22222222E-01 3.12500000E-01
7.22222222E-01 3.43750000E-01
7.22222222E-01 3.75000000E-01
7.22222222E-01 4.06250000E-01
7.22222222E-01 4.37500000E-01
7.22222222E-01 4.68750000E-01
7.22222222E-01 5.00000000E-01
7.22222222E-01 5.31250000E-01
7.22222222E-01 5.62500000E-01
7.22222222E-01 5.93750000E-01
7.22222222E-01 6.25000000E-01
7.22222222E-01 6.56250000E-01
7.22222222E-01 6.87500000E-01
7.22222222E-01 7.18750000E-01
7.22222222E-01 7.50000000E-01
7.22222222E-01 7.81250000E-01
7.22222222E-01 8.12500000E-01
7.22222222E-01 8.43750000E-01
7.22222222E-01 8.75000000E-01
7.22222222E-01 9.06250000E-01
7.22222222E-01 9.37500000E-01
7.22222222E-01 9.68750000E-01
7.22222222E-01 1.00000000E+00
7.50000000E-01 0.00000000E+00
7.50000000E-01 1.56250000E-02
7.50000000E-01 4.68750000E-02
7.50000000E-01 7.81250000E-02
7.50000000E-01 1.09375000E-01
7.50000000E-01 1.40625000E-01
7.50000000E-01 1.71875000E-01
7.50000000E-01 2.03125000E-01
7.50000000E-01 2.34375000E-01
7.50000000E-01 2.65625000E-01
7.50000000E-01 2.96875000E-01
7.50000000E-01 3.28125000E-01
7.50000000E-01 3.59375000E-01
7.50000000E-01 3.90625000E-01
7.50000000E-01 4.21875000E-01
7.50000000E-01 4.53125000E-01
7.50000000E-01 4.84375000E-01
7.50000000E-01 5.15625000E-01
7.50000000E-01 5.46875000E-01
7.50000000E-01 5.78125000E-01
7.50000000E-01 6.09375000E-01
7.50000000E-01 6.40625000E-01
7.50000000E-01 6.71875000E-01
7.50000000E-01 7.03125000E-01
7.50000000E-01 7.34375000E-01
7.50000000E-01 7.65625000E-01
7.50000000E-01 7.96875000E-01
7.50000000E-01 8.28125000E-01
7.50000000E-01 8.59375000E-01
7.50000000E-01 8.90625000E-01
7.50000000E-01 9.21875000E-01
7.50000000E-01 9.53125000E-01
7.50000000E-01 9.84375000E-01
7.50000000E-01 1.00000000E+00
7.77777778E-01 0.00000000E+00
7.77777778E-01 3.12500000E-02
7.77777778E-01 6.25000000E-02
7.77777778E-01 9.37500000E-02
7.77777778E-01 1.25000000E-01
7.77777778E-01 1.56250000E-01
7.77777778E-01 1.87500000E-01
7.77777778E-01 2.18750000E-01
7.77777778E-01 2.50000000E-01
7.77777778E-01 2.81250000E-01
7.77777778E-01 3.12500000E-01
7.77777778E-01 3.43750000E-01
7.77777778E-01 3.75000000E-01
7.77777778E-01 4.06250000E-01
7.77777778E-01 4.37500000E-01
7.77777778E-01 4.68750000E-01
7.77777778E-01 5.00000000E-01
7.77777778E-01 5.31250000E-01
7.77777778E-01 5.62500000E-01
7.77777778E-01 5.93750000E-01
7.77777778E-01 6.25000000E-01
7.77777778E-01 6.56250000E-01
7.77777778E-01 6.87500000E-01
7.77777778E-01 7.18750000E-01
7.77777778E-01 7.50000000E-01
7.77777778E-01 7.81250000E-01
7.77777778E-01 8.12500000E-01
7.77777778E-01 8.43750000E-01
7.77777778E-01 8.75000000E-01
7.77777778E-01 9.06250000E-01
7.77777778E-01 9.37500000E-01
7.77777778E-01 9.68750000E-01
7.77777778E-01 1.00000000E+00
8.05555556E-01 0.00000000E+00
8.05555556E-01 1.56250000E-02
8.05555556E-01 4.68750000E-02
8.05555556E-01 7.81250000E-02
8.05555556E-01 1.09375000E-01
8.05555556E-01 1.40625000E-01
8.05555556E-01 1.71875000E-01
8.05555556E-01 2.03125000E-01
8.05555556E-01 2.34375000E-01
8.05555556E-01 2.65625000E-01
8.05555556E-01 2.96875000E-01
8.05555556E-01 3.28125000E-01
8.05555556E-01 3.59375000E-01
8.05555556E-01 3.90625000E-01
8.05555556E-01 4.21875000E-01
8.05555556E-01 4.53125000E-01
8.05555556E-01 4.84375000E-01
8.05555556E-01 5.15625000E-01
8.05555556E-01 5.46875000E-01
8.05555556E-01 5.78125000E-01
8.05555556E-01 6.09375000E-01
8.05555556E-01 6.40625000E-01
8.05555556E-01 6.71875000E-01
8.05555556E-01 7.03125000E-01
8.05555556E-01 7.34375000E-01
8.05555556E-01 7.65625000E-01
8.05555556E-01 7.96875000E-01
8.05555556E-01 8.28125000E-01
8.05555556E-01 8.59375000E-01
8.05555556E-01 8.90625000E-01
8.05555556E-01 9.21875000E-01
8.05555556E-01 9.53125000E-01
8.05555556E-01 9.84375000E-01
8.05555556E-01 1.00000000E+00
8.33333333E-01 0.00000000E+00
8.33333333E-01 3.12500000E-02
8.33333333E-01 6.25000000E-02
8.33333333E-01 9.37500000E-02
8.33333333E-01 1.25000000E-01
8.33333333E-01 1.56250000E-01
8.33333333E-01 1.87500000E-01
8.33333333E-01 2.18750000E-01
8.33333333E-01 2.50000000E-01
8.33333333E-01 2.81250000E-01
8.33333333E-01 3.12500000E-01
8.33333333E-01 3.43750000E-01
8.33333333E-01 3.75000000E-01
8.33333333E-01 4.06250000E-01
8.33333333E-01 4.37500000E-01
8.33333333E-01 4.68750000E-01
8.33333333E-01 5.00000000E-01
8.33333333E-01 5.31250000E-01
8.33333333E-01 5.62500000E-01
8.33333333E-01 5.93750000E-01
8.33333333E-01 6.25000000E-01
8.33333333E-01 6.56250000E-01
8.33333333E-01 6.87500000E-01
8.33333333E-01 7.18750000E-01
8.33333333E-01 7.50000000E-01
8.33333333E-01 7.81250000E-01
8.33333333E-01 8.12500000E-01
8.33333333E-01 8.43750000E-01
8.33333333E-01 8.75000000E-01
8.33333333E-01 9.06250000E-01
8.33333333E-01 9.37500000E-01
8.33333333E-01 9.68750000E-01
8.33333333E-01 1.00000000E+00
8.61111111E-01 0.00000000E+00
8.61111111E-01 1.56250000E-02
8.61111111E-01 4.68750000E-02
8.61111111E-01 7.81250000E-02
8.61111111E-01 1.09375000E-01
8.61111111E-01 1.40625000E-01
8.61111111E-01 1.71875000E-01
8.61111111E-01 2.03125000E-01
8.61111111E-01 2.34375000E-01
8.61111111E-01 2.65625000E-01
8.61111111E-01 2.96875000E-01
8.61111111E-01 3.28125000E-01
8.61111111E-01 3.59375000E-01
8.61111111E-01 3.90625000E-01
8.61111111E-01 4.21875000E-01
8.61111111E-01 4.53125000E-01
8.61111111E-01 4.84375000E-01
8.61111111E-01 5.15625000E-01
8.61111111E-01 5.46875000E-01
8.61111111E-01 5.78125000E-01
8.61111111E-01 6.09375000E-01
8.61111111E-01 6.40625000E-01
8.61111111E-01 6.71875000E-01
8.61111111E-01 7.03125000E-01
8.61111111E-01 7.34375000E-01
8.61111111E-01 7.65625000E-01
8.61111111E-01 7.96875000E-01
8.61111111E-01 8.28125000E-01
8.61111111E-01 8.59375000E-01
8.61111111E-01 8.90625000E-01
8.61111111E-01 9.21875000E-01
8.61111111E-01 9.53125000E-01
8.61111111E-01 9.84375000E-01
8.61111111E-01 1.00000000E+00
8.88888889E-01 0.00000000E+00
8.88888889E-01 3.12500000E-02
8.88888889E-01 6.25000000E-02
8.88888889E-01 9.37500000E-02
8.88888889E-01 1.25000000E-01
8.88888889E-01 1.56250000E-01
8.88888889E-01 1.87500000E-01
8.88888889E-01 2.18750000E-01
8.88888889E-01 2.50000000E-01
8.88888889E-01 2.81250000E-01
8.88888889E-01 3.12500000E-01
8.88888889E-01 3.43750000E-01
8.88888889E-01 3.75000000E-01
8.88888889E-01 4.06250000E-01
8.88888889E-01 4.37500000E-01
8.88888889E-01 4.68750000E-01
8.88888889E-01 5.00000000E-01
8.88888889E-01 5.31250000E-01
8.88888889E-01 5.62500000E-01
8.88888889E-01 5.93750000E-01
8.88888889E-01 6.25000000E-01
8.88888889E-01 6.56250000E-01
8.88888889E-01 6.87500000E-01
8.88888889E-01 7.18750000E-01
8.88888889E-01 7.50000000E-01
8.88888889E-01 7.81250000E-01
8.88888889E-01 8.12500000E-01
8.88888889E-01 8.43750000E-01
8.88888889E-01 8.75000000E-01
8.88888889E-01 9.06250000E-01
8.88888889E-01 9.37500000E-01
8.88888889E-01 9.68750000E-01
8.88888889E-01 1.00000000E+00
9.16666667E-01 0.00000000E+00
9.16666667E-01 1.56250000E-02
9.16666667E-01 4.68750000E-02
9.16666667E-01 7.81250000E-02
9.16666667E-01 1.09375000E-01
9.16666667E-01 1.40625000E-01
9.16666667E-01 1.71875000E-01
9.16666667E-01 2.03125000E-01
9.16666667E-01 2.34375000E-01
9.16666667E-01 2.65625000E-01
9.16666667E-01 2.96875000E-01
9.16666667E-01 3.28125000E-01
9.16666667E-01 3.59375000E-01
9.16666667E-01 3.90625000E-01
9.16666667E-01 4.21875000E-01
9.16666667E-01 4.53125000E-01
9.16666667E-01 4.84375000E-01
9.16666667E-01 5.15625000E-01
9.16666667E-01 5.46875000E-01
9.16666667E-01 5.78125000E-01
9.16666667E-01 6.09375000E-01
9.16666667E-01 6.40625000E-01
9.16666667E-01 6.71875000E-01
9.16666667E-01 7.03125000E-01
9.16666667E-01 7.34375000E-01
9.16666667E-01 7.65625000E-01
9.16666667E-01 7.96875000E-01
9.16666667E-01 8.28125000E-01
9.16666667E-01 8.59375000E-01
9.16666667E-01 8.90625000E-01
9.16666667E-01 9.21875000E-01
9.16666667E-01 9.53125000E-01
9.16666667E-01 9.84375000E-01
9.16666667E-01 1.00000000E+00
9.44444444E-01 0.00000000E+00
9.44444444E-01 3.12500000E-02
9.44444444E-01 6.25000000E-02
9.44444444E-01 9.37500000E-02
9.44444444E-01 1.25000000E-01
9.44444444E-01 1.56250000E-01
9.44444444E-01 1.87500000E-01
9.44444444E-01 2.18750000E-01
9.44444444E-01 2.50000000E-01
9.44444444E-01 2.81250000E-01
9.44444444E-01 3.12500000E-01
9.44444444E-01 3.43750000E-01
9.44444444E-01 3.75000000E-01
9.44444444E-01 4.06250000E-01
9.44444444E-01 4.37500000E-01
9.44444444E-01 4.68750000E-01
9.44444444E-01 5.00000000E-01
9.44444444E-01 5.31250000E-01
9.44444444E-01 5.62500000E-01
9.44444444E-01 5.93750000E-01
9.44444444E-01 6.25000000E-01
9.44444444E-01 6.56250000E-01
9.44444444E-01 6.87500000E-01
9.44444444E-01 7.18750000E-01
9.44444444E-01 7.50000000E-01
9.44444444E-01 7.81250000E-01
9.44444444E-01 8.12500000E-01
9.44444444E-01 8.43750000E-01
9.44444444E-01 8.75000000E-01
9.44444444E-01 9.06250000E-01
9.44444444E-01 9.37500000E-01
9.44444444E-01 9.68750000E-01
9.44444444E-01 1.00000000E+00
9.72222222E-01 0.00000000E+00
9.72222222E-01 1.56250000E-02
9.72222222E-01 4.68750000E-02
9.72222222E-01 7.81250000E-02
9.72222222E-01 1.09375000E-01
9.72222222E-01 1.40625000E-01
9.72222222E-01 1.71875000E-01
9.72222222E-01 2.03125000E-01
9.72222222E-01 2.34375000E-01
9.72222222E-01 2.65625000E-01
9.72222222E-01 2.96875000E-01
9.72222222E-01 3.28125000E-01
9.72222222E-01 3.59375000E-01
9.72222222E-01 3.90625000E-01
9.72222222E-01 4.21875000E-01
9.72222222E-01 4.53125000E-01
9.72222222E-01 4.84375000E-01
9.72222222E-01 5.15625000E-01
9.72222222E-01 5.46875000E-01
9.72222222E-01 5.78125000E-01
9.72222222E-01 6.09375000E-01
9.72222222E-01 6.40625000E-01
9.72222222E-01 6.71875000E-01
9.72222222E-01 7.03125000E-01
9.72222222E-01 7.34375000E-01
9.72222222E-01 7.65625000E-01
9.72222222E-01 7.96875000E-01
9.72222222E-01 8.28125000E-01
9.72222222E-01 8.59375000E-01
9.72222222E-01 8.90625000E-01
9.72222222E-01 9.21875000E-01
9.72222222E-01 9.53125000E-01
9.72222222E-01 9.84375000E-01
9.72222222E-01 1.00000000E+00
1.00000000E+00 0.00000000E+00
1.00000000E+00 3.12500000E-02
1.00000000E+00 6.25000000E-02
1.00000000E+00 9.37500000E-02
1.00000000E+00 1.25000000E-01
1.00000000E+00 1.56250000E-01
1.00000000E+00 1.87500000E-01
1.00000000E+00 2.18750000E-01
1.00000000E+00 2.50000000E-01
1.00000000E+00 2.81250000E-01
1.00000000E+00 3.12500000E-01
1.00000000E+00 3.43750000E-01
1.00000000E+00 3.75000000E-01
1.00000000E+00 4.06250000E-01
1.00000000E+00 4.37500000E-01
1.00000000E+00 4.68750000E-01
1.00000000E+00 5.00000000E-01
1.00000000E+00 5.31250000E-01
1.00000000E+00 5.62500000E-01
1.00000000E+00 5.93750000E-01
1.00000000E+00 6.25000000E-01
1.00000000E+00 6.56250000E-01
1.00000000E+00 6.87500000E-01
1.00000000E+00 7.18750000E-01
1.00000000E+00 7.50000000E-01
1.00000000E+00 7.81250000E-01
1.00000000E+00 8.12500000E-01
1.00000000E+00 8.43750000E-01
1.00000000E+00 8.75000000E-01
1.00000000E+00 9.06250000E-01
1.00000000E+00 9.37500000E-01
1.00000000E+00 9.68750000E-01
1.00000000E+00 1.00000000E+00
1.02777778E+00 0.00000000E+00
1.02777778E+00 1.56250000E-02
1.02777778E+00 4.68750000E-02
1.02777778E+00 7.81250000E-02
1.02777778E+00 1.09375000E-01
1.02777778E+00 1.40625000E-01
1.02777778E+00 1.71875000E-01
1.02777778E+00 2.03125000E-01
1.02777778E+00 2.34375000E-01
1.02777778E+00 2.65625000E-01
1.02777778E+00 2.96875000E-01
1.02777778E+00 3.28125000E-01
1.02777778E+00 3.59375000E-01
1.02777778E+00 3.90625000E-01
1.02777778E+00 4.21875000E-01
1.02777778E+00 4.53125000E-01
1.02777778E+00 4.84375000E-01
1.02777778E+00 5.15625000E-01
1.02777778E+00 5.46875000E-01
1.02777778E+00 5.78125000E-01
1.02777778E+00 6.09375000E-01
1.02777778E+00 6.40625000E-01
1.02777778E+00 6.71875000E-01
1.02777778E+00 7.03125000E-01
1.02777778E+00 7.34375000E-01
1.02777778E+00 7.65625000E-01
1.02777778E+00 7.96875000E-01
1.02777778E+00 8.28125000E-01
1.02777778E+00 8.59375000E-01
1.02777778E+00 8.90625000E-01
1.02777778E+00 9.21875000E-01
1.02777778E+00 9.53125000E-01
1.02777778E+00 9.84375000E-01
1.02777778E+00 1.00000000E+00
1.05555556E+00 0.00000000E+00
1.05555556E+00 3.12500000E-02
1.05555556E+00 6.25000000E-02
1.05555556E+00 9.37500000E-02
1.05555556E+00 1.25000000E-01
1.05555556E+00 1.56250000E-01
1.05555556E+00 1.87500000E-01
1.05555556E+00 2.18750000E-01
1.05555556E+00 2.50000000E-01
1.05555556E+00 2.81250000E-01
1.05555556E+00 3.12500000E-01
1.05555556E+00 3.43750000E-01
1.05555556E+00 3.75000000E-01
1.05555556E+00 4.06250000E-01
1.05555556E+00 4.37500000E-01
1.05555556E+00 4.68750000E-01
1.05555556E+00 5.00000000E-01
1.05555556E+00 5.31250000E-01
1.05555556E+00 5.62500000E-01
1.05555556E+00 5.93750000E-01
1.05555556E+00 6.25000000E-01
1.05555556E+00 6.56250000E-01
1.05555556E+00 6.87500000E-01
1.05555556E+00 7.18750000E-01
1.05555556E+00 7.50000000E-01
1.05555556E+00 7.81250000E-01
1.05555556E+00 8.12500000E-01
1.05555556E+00 8.43750000E-01
1.05555556E+00 8.75000000E-01
1.05555556E+00 9.06250000E-01
1.05555556E+00 9.37500000E-01
1.05555556E+00 9.68750000E-01
1.05555556E+00 1.00000000E+00
1.08333333E+00 0.00000000E+00
1.08333333E+00 1.56250000E-02
1.08333333E+00 4.68750000E-02
1.08333333E+00 7.81250000E-02
1.08333333E+00 1.09375000E-01
1.08333333E+00 1.40625000E-01
1.08333333E+00 1.71875000E-01
1.08333333E+00 2.03125000E-01
1.08333333E+00 2.34375000E-01
1.08333333E+00 2.65625000E-01
1.08333333E+00 2.96875000E-01
1.08333333E+00 3.28125000E-01
1.08333333E+00 3.59375000E-01
1.08333333E+00 3.90625000E-01
1.08333333E+00 4.21875000E-01
1.08333333E+00 4.53125000E-01
1.08333333E+00 4.84375000E-01
1.08333333E+00 5.15625000E-01
1.08333333E+00 5.46875000E-01
1.08333333E+00 5.78125000E-01
1.08333333E+00 6.09375000E-01
1.08333333E+00 6.40625000E-01
1.08333333E+00 6.71875000E-01
1.08333333E+00 7.03125000E-01
1.08333333E+00 7.34375000E-01
1.08333333E+00 7.65625000E-01
1.08333333E+00 7.96875000E-01
1.08333333E+00 8.28125000E-01
1.08333333E+00 8.59375000E-01
1.08333333E+00 8.90625000E-01
1.08333333E+00 9.21875000E-01
1.08333333E+00 9.53125000E-01
1.08333333E+00 9.84375000E-01
1.08333333E+00 1.00000000E+00
1.11111111E+00 0.00000000E+00
1.11111111E+00 3.12500000E-02
1.11111111E+00 6.25000000E-02
1.11111111E+00 9.37500000E-02
1.11111111E+00 1.25000000E-01
1.11111111E+00 1.56250000E-01
1.11111111E+00 1.87500000E-01
1.11111111E+00 2.18750000E-01
1.11111111E+00 2.50000000E-01
1.11111111E+00 2.81250000E-01
1.11111111E+00 3.12500000E-01
1.11111111E+00 3.43750000E-01
1.11111111E+00 3.75000000E-01
1.11111111E+00 4.06250000E-01
1.11111111E+00 4.37500000E-01
1.11111111E+00 4.68750000E-01
1.11111111E+00 5.00000000E-01
1.11111111E+00 5.31250000E-01
1.11111111E+00 5.62500000E-01
1.11111111E+00 5.93750000E-01
1.11111111E+00 6.25000000E-01
1.11111111E+00 6.56250000E-01
1.11111111E+00 6.87500000E-01
1.11111111E+00 7.18750000E-01
1.11111111E+00 7.50000000E-01
1.11111111E+00 7.81250000E-01
1.11111111E+00 8.12500000E-01
1.11111111E+00 8.43750000E-01
1.11111111E+00 8.75000000E-01
1.11111111E+00 9.06250000E-01
1.11111111E+00 9.37500000E-01
1.11111111E+00 9.68750000E-01
1.11111111E+00 1.00000000E+00
1.13888889E+00 0.00000000E+00
1.13888889E+00 1.56250000E-02
1.13888889E+00 4.68750000E-02
1.13888889E+00 7.81250000E-02
1.13888889E+00 1.09375000E-01
1.13888889E+00 1.40625000E-01
1.13888889E+00 1.71875000E-01
1.13888889E+00 2.03125000E-01
1.13888889E+00 2.34375000E-01
1.13888889E+00 2.65625000E-01
1.13888889E+00 2.96875000E-01
1.13888889E+00 3.28125000E-01
1.13888889E+00 3.59375000E-01
1.13888889E+00 3.90625000E-01
1.13888889E+00 4.21875000E-01
1.13888889E+00 4.53125000E-01
1.13888889E+00 4.84375000E-01
1.13888889E+00 5.15625000E-01
1.13888889E+00 5.46875000E-01
1.13888889E+00 5.78125000E-01
1.13888889E+00 6.09375000E-01
1.13888889E+00 6.40625000E-01
1.13888889E+00 6.71875000E-01
1.13888889E+00 7.03125000E-01
1.13888889E+00 7.34375000E-01
1.13888889E+00 7.65625000E-01
1.13888889E+00 7.96875000E-01
1.13888889E+00 8.28125000E-01
1.13888889E+00 8.59375000E-01
1.13888889E+00 8.90625000E-01
1.13888889E+00 9.21875000E-01
1.13888889E+00 9.53125000E-01
1.13888889E+00 9.84375000E-01
1.13888889E+00 1.00000000E+00
1.16666667E+00 0.00000000E+00
1.16666667E+00 3.12500000E-02
1.16666667E+00 6.25000000E-02
1.16666667E+00 9.37500000E-02
1.16666667E+00 1.25000000E-01
1.16666667E+00 1.56250000E-01
1.16666667E+00 1.87500000E-01
1.16666667E+00 2.18750000E-01
1.16666667E+00 2.50000000E-01
1.16666667E+00 2.81250000E-01
1.16666667E+00 3.12500000E-01
1.16666667E+00 3.43750000E-01
1.16666667E+00 3.75000000E-01
1.16666667E+00 4.06250000E-01
1.16666667E+00 4.37500000E-01
1.16666667E+00 4.68750000E-01
1.16666667E+00 5.00000000E-01
1.16666667E+00 5.31250000E-01
1.16666667E+00 5.62500000E-01
1.16666667E+00 5.93750000E-01
1.16666667E+00 6.25000000E-01
1.16666667E+00 6.56250000E-01
1.16666667E+00 6.87500000E-01
1.16666667E+00 7.18750000E-01
1.16666667E+00 7.50000000E-01
1.16666667E+00 7.81250000E-01
1.16666667E+00 8.12500000E-01
1.16666667E+00 8.43750000E-01
1.16666667E+00 8.75000000E-01
1.16666667E+00 9.06250000E-01
1.16666667E+00 9.37500000E-01
1.16666667E+00 9.68750000E-01
1.16666667E+00 1.00000000E+00
1.19444444E+00 0.00000000E+00
1.19444444E+00 1.56250000E-02
1.19444444E+00 4.68750000E-02
1.19444444E+00 7.81250000E-02
1.19444444E+00 1.09375000E-01
1.19444444E+00 1.40625000E-01
1.19444444E+00 1.71875000E-01
1.19444444E+00 2.03125000E-01
1.19444444E+00 2.34375000E-01
1.19444444E+00 2.65625000E-01
1.19444444E+00 2.96875000E-01
1.19444444E+00 3.28125000E-01
1.19444444E+00 3.59375000E-01
1.19444444E+00 3.90625000E-01
1.19444444E+00 4.21875000E-01
1.19444444E+00 4.53125000E-01
1.19444444E+00 4.84375000E-01
1.19444444E+00 5.15625000E-01
1.19444444E+00 5.46875000E-01
1.19444444E+00 5.78125000E-01
1.19444444E+00 6.09375000E-01
1.19444444E+00 6.40625000E-01
1.19444444E+00 6.71875000E-01
1.19444444E+00 7.03125000E-01
1.19444444E+00 7.34375000E-01
1.19444444E+00 7.65625000E-01
1.19444444E+00 7.96875000E-01
1.19444444E+00 8.28125000E-01
1.19444444E+00 8.59375000E-01
1.19444444E+00 8.90625000E-01
1.19444444E+00 9.21875000E-01
1.19444444E+00 9.53125000E-01
1.19444444E+00 9.84375000E-01
1.19444444E+00 1.00000000E+00
1.22222222E+00 0.00000000E+00
1.22222222E+00 3.12500000E-02
1.22222222E+00 6.25000000E-02
1.22222222E+00 9.37500000E-02
1.22222222E+00 1.25000000E-01
1.22222222E+00 1.56250000E-01
1.22222222E+00 1.87500000E-01
1.22222222E+00 2.18750000E-01
1.22222222E+00 2.50000000E-01
1.22222222E+00 2.81250000E-01
1.22222222E+00 3.12500000E-01
1.22222222E+00 3.43750000E-01
1.22222222E+00 3.75000000E-01
1.22222222E+00 4.06250000E-01
1.22222222E+00 4.37500000E-01
1.22222222E+00 4.68750000E-01
1.22222222E+00 5.00000000E-01
1.22222222E+00 5.31250000E-01
1.22222222E+00 5.62500000E-01
1.22222222E+00 5.93750000E-01
1.22222222E+00 6.25000000E-01
1.22222222E+00 6.56250000E-01
1.22222222E+00 6.87500000E-01
1.22222222E+00 7.18750000E-01
1.22222222E+00 7.50000000E-01
1.22222222E+00 7.81250000E-01
1.22222222E+00 8.12500000E-01
1.22222222E+00 8.43750000E-01
1.22222222E+00 8.75000000E-01
1.22222222E+00 9.06250000E-01
1.22222222E+00 9.37500000E-01
1.22222222E+00 9.68750000E-01
1.22222222E+00 1.00000000E+00
1.25000000E+00 0.00000000E+00
1.25000000E+00 1.56250000E-02
1.25000000E+00 4.68750000E-02
1.25000000E+00 7.81250000E-02
1.25000000E+00 1.09375000E-01
1.25000000E+00 1.40625000E-01
1.25000000E+00 1.71875000E-01
1.25000000E+00 2.03125000E-01
1.25000000E+00 2.34375000E-01
1.25000000E+00 2.65625000E-01
1.25000000E+00 2.96875000E-01
1.25000000E+00 3.28125000E-01
1.25000000E+00 3.59375000E-01
1.25000000E+00 3.90625000E-01
1.25000000E+00 4.21875000E-01
1.25000000E+00 4.53125000E-01
1.25000000E+00 4.84375000E-01
1.25000000E+00 5.15625000E-01
1.25000000E+00 5.46875000E-01
1.25000000E+00 5.78125000E-01
1.25000000E+00 6.09375000E-01
1.25000000E+00 6.40625000E-01
1.25000000E+00 6.71875000E-01
1.25000000E+00 7.03125000E-01
1.25000000E+00 7.34375000E-01
1.25000000E+00 7.65625000E-01
1.25000000E+00 7.96875000E-01
1.25000000E+00 8.28125000E-01
1.25000000E+00 8.59375000E-01
1.25000000E+00 8.90625000E-01
1.25000000E+00 9.21875000E-01
1.25000000E+00 9.53125000E-01
1.25000000E+00 9.84375000E-01
1.25000000E+00 1.00000000E+00
1.27777778E+00 0.00000000E+00
1.27777778E+00 3.12500000E-02
1.27777778E+00 6.25000000E-02
1.27777778E+00 9.37500000E-02
1.27777778E+00 1.25000000E-01
1.27777778E+00 1.56250000E-01
1.27777778E+00 1.87500000E-01
1.27777778E+00 2.18750000E-01
1.27777778E+00 2.50000000E-01
1.27777778E+00 2.81250000E-01
1.27777778E+00 3.12500000E-01
1.27777778E+00 3.43750000E-01
1.27777778E+00 3.75000000E-01
1.27777778E+00 4.06250000E-01
1.27777778E+00 4.37500000E-01
1.27777778E+00 4.68750000E-01
1.27777778E+00 5.00000000E-01
1.27777778E+00 5.31250000E-01
1.27777778E+00 5.62500000E-01
1.27777778E+00 5.93750000E-01
1.27777778E+00 6.25000000E-01
1.27777778E+00 6.56250000E-01
1.27777778E+00 6.87500000E-01
1.27777778E+00 7.18750000E-01
1.27777778E+00 7.50000000E-01
1.27777778E+00 7.81250000E-01
1.27777778E+00 8.12500000E-01
1.27777778E+00 8.43750000E-01
1.27777778E+00 8.75000000E-01
1.27777778E+00 9.06250000E-01
1.27777778E+00 9.37500000E-01
1.27777778E+00 9.68750000E-01
1.27777778E+00 1.00000000E+00
1.30555556E+00 0.00000000E+00
1.30555556E+00 1.56250000E-02
1.30555556E+00 4.68750000E-02
1.30555556E+00 7.81250000E-02
1.30555556E+00 1.09375000E-01
1.30555556E+00 1.40625000E-01
1.30555556E+00 1.71875000E-01
1.30555556E+00 2.03125000E-01
1.30555556E+00 2.34375000E-01
1.30555556E+00 2.65625000E-01
1.30555556E+00 2.96875000E-01
1.30555556E+00 3.28125000E-01
1.30555556E+00 3.59375000E-01
1.30555556E+00 3.90625000E-01
1.30555556E+00 4.21875000E-01
1.30555556E+00 4.53125000E-01
1.30555556E+00 4.84375000E-01
1.30555556E+00 5.15625000E-01
1.30555556E+00 5.46875000E-01
1.30555556E+00 5.78125000E-01
1.30555556E+00 6.09375000E-01
1.30555556E+00 6.40625000E-01
1.30555556E+00 6.71875000E-01
1.30555556E+00 7.03125000E-01
1.30555556E+00 7.34375000E-01
1.30555556E+00 7.65625000E-01
1.30555556E+00 7.96875000E-01
1.30555556E+00 8.28125000E-01
1.30555556E+00 8.59375000E-01
1.30555556E+00 8.90625000E-01
1.30555556E+00 9.21875000E-01
1.30555556E+00 9.53125000E-01
1.30555556E+00 9.84375000E-01
1.30555556E+00 1.00000000E+00
1.33333333E+00 0.00000000E+00
1.33333333E+00 3.12500000E-02
1.33333333E+00 6.25000000E-02
1.33333333E+00 9.37500000E-02
1.33333333E+00 1.25000000E-01
1.33333333E+00 1.56250000E-01
1.33333333E+00 1.87500000E-01
1.33333333E+00 2.18750000E-01
1.33333333E+00 2.50000000E-01
1.33333333E+00 2.81250000E-01
1.33333333E+00 3.12500000E-01
1.33333333E+00 3.43750000E-01
1.33333333E+00 3.75000000E-01
1.33333333E+00 4.06250000E-01
1.33333333E+00 4.37500000E-01
1.33333333E+00 4.68750000E-01
1.33333333E+00 5.00000000E-01
1.33333333E+00 5.31250000E-01
1.33333333E+00 5.62500000E-01
1.33333333E+00 5.93750000E-01
1.33333333E+00 6.25000000E-01
1.33333333E+00 6.56250000E-01
1.33333333E+00 6.87500000E-01
1.33333333E+00 7.18750000E-01
1.33333333E+00 7.50000000E-01
1.33333333E+00 7.81250000E-01
1.33333333E+00 8.12500000E-01
1.33333333E+00 8.43750000E-01
1.33333333E+00 8.75000000E-01
1.33333333E+00 9.06250000E-01
1.33333333E+00 9.37500000E-01
1.33333333E+00 9.68750000E-01
1.33333333E+00 1.00000000E+00
1.36111111E+00 0.00000000E+00
1.36111111E+00 1.56250000E-02
1.36111111E+00 4.68750000E-02
1.36111111E+00 7.81250000E-02
1.36111111E+00 1.09375000E-01
1.36111111E+00 1.40625000E-01
1.36111111E+00 1.71875000E-01
1.36111111E+00 2.03125000E-01
1.36111111E+00 2.34375000E-01
1.36111111E+00 2.65625000E-01
1.36111111E+00 2.96875000E-01
1.36111111E+00 3.28125000E-01
1.36111111E+00 3.59375000E-01
1.36111111E+00 3.90625000E-01
1.36111111E+00 4.21875000E-01
1.36111111E+00 4.53125000E-01
1.36111111E+00 4.84375000E-01
1.36111111E+00 5.15625000E-01
1.36111111E+00 5.46875000E-01
1.36111111E+00 5.78125000E-01
1.36111111E+00 6.09375000E-01
1.36111111E+00 6.40625000E-01
1.36111111E+00 6.71875000E-01
1.36111111E+00 7.03125000E-01
1.36111111E+00 7.34375000E-01
1.36111111E+00 7.65625000E-01
1.36111111E+00 7.96875000E-01
1.36111111E+00 8.28125000E-01
1.36111111E+00 8.59375000E-01
1.36111111E+00 8.90625000E-01
1.36111111E+00 9.21875000E-01
1.36111111E+00 9.53125000E-01
1.36111111E+00 9.84375000E-01
1.36111111E+00 1.00000000E+00
1.38888889E+00 0.00000000E+00
1.38888889E+00 3.12500000E-02
1.38888889E+00 6.25000000E-02
1.38888889E+00 9.37500000E-02
1.38888889E+00 1.25000000E-01
1.38888889E+00 1.56250000E-01
1.38888889E+00 1.87500000E-01
1.38888889E+00 2.18750000E-01
1.38888889E+00 2.50000000E-01
1.38888889E+00 2.81250000E-01
1.38888889E+00 3.12500000E-01
1.38888889E+00 3.43750000E-01
1.38888889E+00 3.75000000E-01
1.38888889E+00 4.06250000E-01
1.38888889E+00 4.37500000E-01
1.38888889E+00 4.68750000E-01
1.38888889E+00 5.00000000E-01
1.38888889E+00 5.31250000E-01
1.38888889E+00 5.62500000E-01
1.38888889E+00 5.93750000E-01
1.38888889E+00 6.25000000E-01
1.38888889E+00 6.56250000E-01
1.38888889E+00 6.87500000E-01
1.38888889E+00 7.18750000E-01
1.38888889E+00 7.50000000E-01
1.38888889E+00 7.81250000E-01
1.38888889E+00 8.12500000E-01
1.38888889E+00 8.43750000E-01
1.38888889E+00 8.75000000E-01
1.38888889E+00 9.06250000E-01
1.38888889E+00 9.37500000E-01
1.38888889E+00 9.68750000E-01
1.38888889E+00 1.00000000E+00
1.41666667E+00 0.00000000E+00
1.41666667E+00 1.56250000E-02
1.41666667E+00 4.68750000E-02
1.41666667E+00 7.81250000E-02
1.41666667E+00 1.09375000E-01
1.41666667E+00 1.40625000E-01
1.41666667E+00 1.71875000E-01
1.41666667E+00 2.03125000E-01
1.41666667E+00 2.34375000E-01
1.41666667E+00 2.65625000E-01
1.41666667E+00 2.96875000E-01
1.41666667E+00 3.28125000E-01
1.41666667E+00 3.59375000E-01
1.41666667E+00 3.90625000E-01
1.41666667E+00 4.21875000E-01
1.41666667E+00 4.53125000E-01
1.41666667E+00 4.84375000E-01
1.41666667E+00 5.15625000E-01
1.41666667E+00 5.46875000E-01
1.41666667E+00 5.78125000E-01
1.41666667E+00 6.09375000E-01
1.41666667E+00 6.40625000E-01
1.41666667E+00 6.71875000E-01
1.41666667E+00 7.03125000E-01
1.41666667E+00 7.34375000E-01
1.41666667E+00 7.65625000E-01
1.41666667E+00 7.96875000E-01
1.41666667E+00 8.28125000E-01
1.41666667E+00 8.59375000E-01
1.41666667E+00 8.90625000E-01
1.41666667E+00 9.21875000E-01
1.41666667E+00 9.53125000E-01
1.41666667E+00 9.84375000E-01
1.41666667E+00 1.00000000E+00
1.44444444E+00 0.00000000E+00
1.44444444E+00 3.12500000E-02
1.44444444E+00 6.25000000E-02
1.44444444E+00 9.37500000E-02
1.44444444E+00 1.25000000E-01
1.44444444E+00 1.56250000E-01
1.44444444E+00 1.87500000E-01
1.44444444E+00 2.18750000E-01
1.44444444E+00 2.50000000E-01
1.44444444E+00 2.81250000E-01
1.44444444E+00 3.12500000E-01
1.44444444E+00 3.43750000E-01
1.44444444E+00 3.75000000E-01
1.44444444E+00 4.06250000E-01
1.44444444E+00 4.37500000E-01
1.44444444E+00 4.68750000E-01
1.44444444E+00 5.00000000E-01
1.44444444E+00 5.31250000E-01
1.44444444E+00 5.62500000E-01
1.44444444E+00 5.93750000E-01
1.44444444E+00 6.25000000E-01
1.44444444E+00 6.56250000E-01
1.44444444E+00 6.87500000E-01
1.44444444E+00 7.18750000E-01
1.44444444E+00 7.50000000E-01
1.44444444E+00 7.81250000E-01
1.44444444E+00 8.12500000E-01
1.44444444E+00 8.43750000E-01
1.44444444E+00 8.75000000E-01
1.44444444E+00 9.06250000E-01
1.44444444E+00 9.37500000E-01
1.44444444E+00 9.68750000E-01
1.44444444E+00 1.00000000E+00
1.47222222E+00 0.00000000E+00
1.47222222E+00 1.56250000E-02
1.47222222E+00 4.68750000E-02
1.47222222E+00 7.81250000E-02
1.47222222E+00 1.09375000E-01
1.47222222E+00 1.40625000E-01
1.47222222E+00 1.71875000E-01
1.47222222E+00 2.03125000E-01
1.47222222E+00 2.34375000E-01
1.47222222E+00 2.65625000E-01
1.47222222E+00 2.96875000E-01
1.47222222E+00 3.28125000E-01
1.47222222E+00 3.59375000E-01
1.47222222E+00 3.90625000E-01
1.47222222E+00 4.21875000E-01
1.47222222E+00 4.53125000E-01
1.47222222E+00 4.84375000E-01
1.47222222E+00 5.15625000E-01
1.47222222E+00 5.46875000E-01
1.47222222E+00 5.78125000E-01
1.47222222E+00 6.09375000E-01
1.47222222E+00 6.40625000E-01
1.47222222E+00 6.71875000E-01
1.47222222E+00 7.03125000E-01
1.47222222E+00 7.34375000E-01
1.47222222E+00 7.65625000E-01
1.47222222E+00 7.96875000E-01
1.47222222E+00 8.28125000E-01
1.47222222E+00 8.59375000E-01
1.47222222E+00 8.90625000E-01
1.47222222E+00 9.21875000E-01
1.47222222E+00 9.53125000E-01
1.47222222E+00 9.84375000E-01
1.47222222E+00 1.00000000E+00
1.50000000E+00 0.00000000E+00
1.50000000E+00 3.12500000E-02
1.50000000E+00 6.25000000E-02
1.50000000E+00 9.37500000E-02
1.50000000E+00 1.25000000E-01
1.50000000E+00 1.56250000E-01
1.50000000E+00 1.87500000E-01
1.50000000E+00 2.18750000E-01
1.50000000E+00 2.50000000E-01
1.50000000E+00 2.81250000E-01
1.50000000E+00 3.12500000E-01
1.50000000E+00 3.43750000E-01
1.50000000E+00 3.75000000E-01
1.50000000E+00 4.06250000E-01
1.50000000E+00 4.37500000E-01
1.50000000E+00 4.68750000E-01
1.50000000E+00 5.00000000E-01
1.50000000E+00 5.31250000E-01
1.50000000E+00 5.62500000E-01
1.50000000E+00 5.93750000E-01
1.50000000E+00 6.25000000E-01
1.50000000E+00 6.56250000E-01
1.50000000E+00 6.87500000E-01
1.50000000E+00 7.18750000E-01
1.50000000E+00 7.50000000E-01
1.50000000E+00 7.81250000E-01
1.50000000E+00 8.12500000E-01
1.50000000E+00 8.43750000E-01
1.50000000E+00 8.75000000E-01
1.50000000E+00 9.06250000E-01
1.50000000E+00 9.37500000E-01
1.50000000E+00 9.68750000E-01
1.50000000E+00 1.00000000E+00
1.52777778E+00 0.00000000E+00
1.52777778E+00 1.56250000E-02
1.52777778E+00 4.68750000E-02
1.52777778E+00 7.81250000E-02
1.52777778E+00 1.09375000E-01
1.52777778E+00 1.40625000E-01
1.52777778E+00 1.71875000E-01
1.52777778E+00 2.03125000E-01
1.52777778E+00 2.34375000E-01
1.52777778E+00 2.65625000E-01
1.52777778E+00 2.96875000E-01
1.52777778E+00 3.28125000E-01
1.52777778E+00 3.59375000E-01
1.52777778E+00 3.90625000E-01
1.52777778E+00 4.21875000E-01
1.52777778E+00 4.53125000E-01
1.52777778E+00 4.84375000E-01
1.52777778E+00 5.15625000E-01
1.52777778E+00 5.46875000E-01
1.52777778E+00 5.78125000E-01
1.52777778E+00 6.09375000E-01
1.52777778E+00 6.40625000E-01
1.52777778E+00 6.71875000E-01
1.52777778E+00 7.03125000E-01
1.52777778E+00 7.34375000E-01
1.52777778E+00 7.65625000E-01
1.52777778E+00 7.96875000E-01
1.52777778E+00 8.28125000E-01
1.52777778E+00 8.59375000E-01
1.52777778E+00 8.90625000E-01
1.52777778E+00 9.21875000E-01
1.52777778E+00 9.53125000E-01
1.52777778E+00 9.84375000E-01
1.52777778E+00 1.00000000E+00
1.55555556E+00 0.00000000E+00
1.55555556E+00 3.12500000E-02
1.55555556E+00 6.25000000E-02
1.55555556E+00 9.37500000E-02
1.55555556E+00 1.25000000E-01
1.55555556E+00 1.56250000E-01
1.55555556E+00 1.87500000E-01
1.55555556E+00 2.18750000E-01
1.55555556E+00 2.50000000E-01
1.55555556E+00 2.81250000E-01
1.55555556E+00 3.12500000E-01
1.55555556E+00 3.43750000E-01
1.55555556E+00 3.75000000E-01
1.55555556E+00 4.06250000E-01
1.55555556E+00 4.37500000E-01
1.55555556E+00 4.68750000E-01
1.55555556E+00 5.00000000E-01
1.55555556E+00 5.31250000E-01
1.55555556E+00 5.62500000E-01
1.55555556E+00 5.93750000E-01
1.55555556E+00 6.25000000E-01
1.55555556E+00 6.56250000E-01
1.55555556E+00 6.87500000E-01
1.55555556E+00 7.18750000E-01
1.55555556E+00 7.50000000E-01
1.55555556E+00 7.81250000E-01
1.55555556E+00 8.12500000E-01
1.55555556E+00 8.43750000E-01
1.55555556E+00 8.75000000E-01
1.55555556E+00 9.06250000E-01
1.55555556E+00 9.37500000E-01
1.55555556E+00 9.68750000E-01
1.55555556E+00 1.00000000E+00
1.58333333E+00 0.00000000E+00
1.58333333E+00 1.56250000E-02
1.58333333E+00 4.68750000E-02
1.58333333E+00 7.81250000E-02
1.58333333E+00 1.09375000E-01
1.58333333E+00 1.40625000E-01
1.58333333E+00 1.71875000E-01
1.58333333E+00 2.03125000E-01
1.58333333E+00 2.34375000E-01
1.58333333E+00 2.65625000E-01
1.58333333E+00 2.96875000E-01
1.58333333E+00 3.28125000E-01
1.58333333E+00 3.59375000E-01
1.58333333E+00 3.90625000E-01
1.58333333E+00 4.21875000E-01
1.58333333E+00 4.53125000E-01
1.58333333E+00 4.84375000E-01
1.58333333E+00 5.15625000E-01
1.58333333E+00 5.46875000E-01
1.58333333E+00 5.78125000E-01
1.58333333E+00 6.09375000E-01
1.58333333E+00 6.40625000E-01
1.58333333E+00 6.71875000E-01
1.58333333E+00 7.03125000E-01
1.58333333E+00 7.34375000E-01
1.58333333E+00 7.65625000E-01
1.58333333E+00 7.96875000E-01
1.58333333E+00 8.28125000E-01
1.58333333E+00 8.59375000E-01
1.58333333E+00 8.90625000E-01
1.58333333E+00 9.21875000E-01
1.58333333E+00 9.53125000E-01
1.58333333E+00 9.84375000E-01
1.58333333E+00 1.00000000E+00
1.61111111E+00 0.00000000E+00
1.61111111E+00 3.12500000E-02
1.61111111E+00 6.25000000E-02
1.61111111E+00 9.37500000E-02
1.61111111E+00 1.25000000E-01
1.61111111E+00 1.56250000E-01
1.61111111E+00 1.87500000E-01
1.61111111E+00 2.18750000E-01
1.61111111E+00 2.50000000E-01
1.61111111E+00 2.81250000E-01
1.61111111E+00 3.12500000E-01
1.61111111E+00 3.43750000E-01
1.61111111E+00 3.75000000E-01
1.61111111E+00 4.06250000E-01
1.61111111E+00 4.37500000E-01
1.61111111E+00 4.68750000E-01
1.61111111E+00 5.00000000E-01
1.61111111E+00 5.31250000E-01
1.61111111E+00 5.62500000E-01
1.61111111E+00 5.93750000E-01
1.61111111E+00 6.25000000E-01
1.61111111E+00 6.56250000E-01
1.61111111E+00 6.87500000E-01
1.61111111E+00 7.18750000E-01
1.61111111E+00 7.50000000E-01
1.61111111E+00 7.81250000E-01
1.61111111E+00 8.12500000E-01
1.61111111E+00 8.43750000E-01
1.61111111E+00 8.75000000E-01
1.61111111E+00 9.06250000E-01
1.61111111E+00 9.37500000E-01
1.61111111E+00 9.68750000E-01
1.61111111E+00 1.00000000E+00
1.63888889E+00 0.00000000E+00
1.63888889E+00 1.56250000E-02
1.63888889E+00 4.68750000E-02
1.63888889E+00 7.81250000E-02
1.63888889E+00 1.09375000E-01
1.63888889E+00 1.40625000E-01
1.63888889E+00 1.71875000E-01
1.63888889E+00 2.03125000E-01
1.63888889E+00 2.34375000E-01
1.63888889E+00 2.65625000E-01
1.63888889E+00 2.96875000E-01
1.63888889E+00 3.28125000E-01
1.63888889E+00 3.59375000E-01
1.63888889E+00 3.90625000E-01
1.63888889E+00 4.21875000E-01
1.63888889E+00 4.53125000E-01
1.63888889E+00 4.84375000E-01
1.63888889E+00 5.15625000E-01
1.63888889E+00 5.46875000E-01
1.63888889E+00 5.78125000E-01
1.63888889E+00 6.09375000E-01
1.63888889E+00 6.40625000E-01
1.63888889E+00 6.71875000E-01
1.63888889E+00 7.03125000E-01
1.63888889E+00 7.34375000E-01
1.63888889E+00 7.65625000E-01
1.63888889E+00 7.96875000E-01
1.63888889E+00 8.28125000E-01
1.63888889E+00 8.59375000E-01
1.63888889E+00 8.90625000E-01
1.63888889E+00 9.21875000E-01
1.63888889E+00 9.53125000E-01
1.63888889E+00 9.84375000E-01
1.63888889E+00 1.00000000E+00
1.66666667E+00 0.00000000E+00
1.66666667E+00 3.12500000E-02
1.66666667E+00 6.25000000E-02
1.66666667E+00 9.37500000E-02
1.66666667E+00 1.25000000E-01
1.66666667E+00 1.56250000E-01
1.66666667E+00 1.87500000E-01
1.66666667E+00 2.18750000E-01
1.66666667E+00 2.50000000E-01
1.66666667E+00 2.81250000E-01
1.66666667E+00 3.12500000E-01
1.66666667E+00 3.43750000E-01
1.66666667E+00 3.75000000E-01
1.66666667E+00 4.06250000E-01
1.66666667E+00 4.37500000E-01
1.66666667E+00 4.68750000E-01
1.66666667E+00 5.00000000E-01
1.66666667E+00 5.31250000E-01
1.66666667E+00 5.62500000E-01
1.66666667E+00 5.93750000E-01
1.66666667E+00 6.25000000E-01
1.66666667E+00 6.56250000E-01
1.66666667E+00 6.87500000E-01
1.66666667E+00 7.18750000E-01
1.66666667E+00 7.50000000E-01
1.66666667E+00 7.81250000E-01
1.66666667E+00 8.12500000E-01
1.66666667E+00 8.43750000E-01
1.66666667E+00 8.75000000E-01
1.66666667E+00 9.06250000E-01
1.66666667E+00 9.37500000E-01
1.66666667E+00 9.68750000E-01
1.66666667E+00 1.00000000E+00
1.69444444E+00 0.00000000E+00
1.69444444E+00 1.56250000E-02
1.69444444E+00 4.68750000E-02
1.69444444E+00 7.81250000E-02
1.69444444E+00 1.09375000E-01
1.69444444E+00 1.40625000E-01
1.69444444E+00 1.71875000E-01
1.69444444E+00 2.03125000E-01
1.69444444E+00 2.34375000E-01
1.69444444E+00 2.65625000E-01
1.69444444E+00 2.96875000E-01
1.69444444E+00 3.28125000E-01
1.69444444E+00 3.59375000E-01
1.69444444E+00 3.90625000E-01
1.69444444E+00 4.21875000E-01
1.69444444E+00 4.53125000E-01
1.69444444E+00 4.84375000E-01
1.69444444E+00 5.15625000E-01
1.69444444E+00 5.46875000E-01
1.69444444E+00 5.78125000E-01
1.69444444E+00 6.09375000E-01
1.69444444E+00 6.40625000E-01
1.69444444E+00 6.71875000E-01
1.69444444E+00 7.03125000E-01
1.69444444E+00 7.34375000E-01
1.69444444E+00 7.65625000E-01
1.69444444E+00 7.96875000E-01
1.69444444E+00 8.28125000E-01
1.69444444E+00 8.59375000E-01
1.69444444E+00 8.90625000E-01
1.69444444E+00 9.21875000E-01
1.69444444E+00 9.53125000E-01
1.69444444E+00 9.84375000E-01
1.69444444E+00 1.00000000E+00
1.72222222E+00 0.00000000E+00
1.72222222E+00 3.12500000E-02
1.72222222E+00 6.25000000E-02
1.72222222E+00 9.37500000E-02
1.72222222E+00 1.25000000E-01
1.72222222E+00 1.56250000E-01
1.72222222E+00 1.87500000E-01
1.72222222E+00 2.18750000E-01
1.72222222E+00 2.50000000E-01
1.72222222E+00 2.81250000E-01
1.72222222E+00 3.12500000E-01
1.72222222E+00 3.43750000E-01
1.72222222E+00 3.75000000E-01
1.72222222E+00 4.06250000E-01
1.72222222E+00 4.37500000E-01
1.72222222E+00 4.68750000E-01
1.72222222E+00 5.00000000E-01
1.72222222E+00 5.31250000E-01
1.72222222E+00 5.62500000E-01
1.72222222E+00 5.93750000E-01
1.72222222E+00 6.25000000E-01
1.72222222E+00 6.56250000E-01
1.72222222E+00 6.87500000E-01
1.72222222E+00 7.18750000E-01
1.72222222E+00 7.50000000E-01
1.72222222E+00 7.81250000E-01
1.72222222E+00 8.12500000E-01
1.72222222E+00 8.43750000E-01
1.72222222E+00 8.75000000E-01
1.72222222E+00 9.06250000E-01
1.72222222E+00 9.37500000E-01
1.72222222E+00 9.68750000E-01
1.72222222E+00 1.00000000E+00
1.75000000E+00 0.00000000E+00
1.75000000E+00 1.56250000E-02
1.75000000E+00 4.68750000E-02
1.75000000E+00 7.81250000E-02
1.75000000E+00 1.09375000E-01
1.75000000E+00 1.40625000E-01
1.75000000E+00 1.71875000E-01
1.75000000E+00 2.03125000E-01
1.75000000E+00 2.34375000E-01
1.75000000E+00 2.65625000E-01
1.75000000E+00 2.96875000E-01
1.75000000E+00 3.28125000E-01
1.75000000E+00 3.59375000E-01
1.75000000E+00 3.90625000E-01
1.75000000E+00 4.21875000E-01
1.75000000E+00 4.53125000E-01
1.75000000E+00 4.84375000E-01
1.75000000E+00 5.15625000E-01
1.75000000E+00 5.46875000E-01
1.75000000E+00 5.78125000E-01
1.75000000E+00 6.09375000E-01
1.75000000E+00 6.40625000E-01
1.75000000E+00 6.71875000E-01
1.75000000E+00 7.03125000E-01
1.75000000E+00 7.34375000E-01
1.75000000E+00 7.65625000E-01
1.75000000E+00 7.96875000E-01
1.75000000E+00 8.28125000E-01
1.75000000E+00 8.59375000E-01
1.75000000E+00 8.90625000E-01
1.75000000E+00 9.21875000E-01
1.75000000E+00 9.53125000E-01
1.75000000E+00 9.84375000E-01
1.75000000E+00 1.00000000E+00
1.77777778E+00 0.00000000E+00
1.77777778E+00 3.12500000E-02
1.77777778E+00 6.25000000E-02
1.77777778E+00 9.37500000E-02
1.77777778E+00 1.25000000E-01
1.77777778E+00 1.56250000E-01
1.77777778E+00 1.87500000E-01
1.77777778E+00 2.18750000E-01
1.77777778E+00 2.50000000E-01
1.77777778E+00 2.81250000E-01
1.77777778E+00 3.12500000E-01
1.77777778E+00 3.43750000E-01
1.77777778E+00 3.75000000E-01
1.77777778E+00 4.06250000E-01
1.77777778E+00 4.37500000E-01
1.77777778E+00 4.68750000E-01
1.77777778E+00 5.00000000E-01
1.77777778E+00 5.31250000E-01
1.77777778E+00 5.62500000E-01
1.77777778E+00 5.93750000E-01
1.77777778E+00 6.25000000E-01
1.77777778E+00 6.56250000E-01
1.77777778E+00 6.87500000E-01
1.77777778E+00 7.18750000E-01
1.77777778E+00 7.50000000E-01
1.77777778E+00 7.81250000E-01
1.77777778E+00 8.12500000E-01
1.77777778E+00 8.43750000E-01
1.77777778E+00 8.75000000E-01
1.77777778E+00 9.06250000E-01
1.77777778E+00 9.37500000E-01
1.77777778E+00 9.68750000E-01
1.77777778E+00 1.00000000E+00
1.80555556E+00 0.00000000E+00
1.80555556E+00 1.56250000E-02
1.80555556E+00 4.68750000E-02
1.80555556E+00 7.81250000E-02
1.80555556E+00 1.09375000E-01
1.80555556E+00 1.40625000E-01
1.80555556E+00 1.71875000E-01
1.80555556E+00 2.03125000E-01
1.80555556E+00 2.34375000E-01
1.80555556E+00 2.65625000E-01
1.80555556E+00 2.96875000E-01
1.80555556E+00 3.28125000E-01
1.80555556E+00 3.59375000E-01
1.80555556E+00 3.90625000E-01
1.80555556E+00 4.21875000E-01
1.80555556E+00 4.53125000E-01
1.80555556E+00 4.84375000E-01
1.80555556E+00 5.15625000E-01
1.80555556E+00 5.46875000E-01
1.80555556E+00 5.78125000E-01
1.80555556E+00 6.09375000E-01
1.80555556E+00 6.40625000E-01
1.80555556E+00 6.71875000E-01
1.80555556E+00 7.03125000E-01
1.80555556E+00 7.34375000E-01
1.80555556E+00 7.65625000E-01
1.80555556E+00 7.96875000E-01
1.80555556E+00 8.28125000E-01
1.80555556E+00 8.59375000E-01
1.80555556E+00 8.90625000E-01
1.80555556E+00 9.21875000E-01
1.80555556E+00 9.53125000E-01
1.80555556E+00 9.84375000E-01
1.80555556E+00 1.00000000E+00
1.83333333E+00 0.00000000E+00
1.83333333E+00 3.12500000E-02
1.83333333E+00 6.25000000E-02
1.83333333E+00 9.37500000E-02
1.83333333E+00 1.25000000E-01
1.83333333E+00 1.56250000E-01
1.83333333E+00 1.87500000E-01
1.83333333E+00 2.18750000E-01
1.83333333E+00 2.50000000E-01
1.83333333E+00 2.81250000E-01
1.83333333E+00 3.12500000E-01
1.83333333E+00 3.43750000E-01
1.83333333E+00 3.75000000E-01
1.83333333E+00 4.06250000E-01
1.83333333E+00 4.37500000E-01
1.83333333E+00 4.68750000E-01
1.83333333E+00 5.00000000E-01
1.83333333E+00 5.31250000E-01
1.83333333E+00 5.62500000E-01
1.83333333E+00 5.93750000E-01
1.83333333E+00 6.25000000E-01
1.83333333E+00 6.56250000E-01
1.83333333E+00 6.87500000E-01
1.83333333E+00 7.18750000E-01
1.83333333E+00 7.50000000E-01
1.83333333E+00 7.81250000E-01
1.83333333E+00 8.12500000E-01
1.83333333E+00 8.43750000E-01
1.83333333E+00 8.75000000E-01
1.83333333E+00 9.06250000E-01
1.83333333E+00 9.37500000E-01
1.83333333E+00 9.68750000E-01
1.83333333E+00 1.00000000E+00
1.86111111E+00 0.00000000E+00
1.86111111E+00 1.56250000E-02
1.86111111E+00 4.68750000E-02
1.86111111E+00 7.81250000E-02
1.86111111E+00 1.09375000E-01
1.86111111E+00 1.40625000E-01
1.86111111E+00 1.71875000E-01
1.86111111E+00 2.03125000E-01
1.86111111E+00 2.34375000E-01
1.86111111E+00 2.65625000E-01
1.86111111E+00 2.96875000E-01
1.86111111E+00 3.28125000E-01
1.86111111E+00 3.59375000E-01
1.86111111E+00 3.90625000E-01
1.86111111E+00 4.21875000E-01
1.86111111E+00 4.53125000E-01
1.86111111E+00 4.84375000E-01
1.86111111E+00 5.15625000E-01
1.86111111E+00 5.46875000E-01
1.86111111E+00 5.78125000E-01
1.86111111E+00 6.09375000E-01
1.86111111E+00 6.40625000E-01
1.86111111E+00 6.71875000E-01
1.86111111E+00 7.03125000E-01
1.86111111E+00 7.34375000E-01
1.86111111E+00 7.65625000E-01
1.86111111E+00 7.96875000E-01
1.86111111E+00 8.28125000E-01
1.86111111E+00 8.59375000E-01
1.86111111E+00 8.90625000E-01
1.86111111E+00 9.21875000E-01
1.86111111E+00 9.53125000E-01
1.86111111E+00 9.84375000E-01
1.86111111E+00 1.00000000E+00
1.88888889E+00 0.00000000E+00
1.88888889E+00 3.12500000E-02
1.88888889E+00 6.25000000E-02
1.88888889E+00 9.37500000E-02
1.88888889E+00 1.25000000E-01
1.88888889E+00 1.56250000E-01
1.88888889E+00 1.87500000E-01
1.88888889E+00 2.18750000E-01
1.88888889E+00 2.50000000E-01
1.88888889E+00 2.81250000E-01
1.88888889E+00 3.12500000E-01
1.88888889E+00 3.43750000E-01
1.88888889E+00 3.75000000E-01
1.88888889E+00 4.06250000E-01
1.88888889E+00 4.37500000E-01
1.88888889E+00 4.68750000E-01
1.88888889E+00 5.00000000E-01
1.88888889E+00 5.31250000E-01
1.88888889E+00 5.62500000E-01
1.88888889E+00 5.93750000E-01
1.88888889E+00 6.25000000E-01
1.88888889E+00 6.56250000E-01
1.88888889E+00 6.87500000E-01
1.88888889E+00 7.18750000E-01
1.88888889E+00 7.50000000E-01
1.88888889E+00 7.81250000E-01
1.88888889E+00 8.12500000E-01
1.88888889E+00 8.43750000E-01
1.88888889E+00 8.75000000E-01
1.88888889E+00 9.06250000E-01
1.88888889E+00 9.37500000E-01
1.88888889E+00 9.68750000E-01
1.88888889E+00 1.00000000E+00
1.91666667E+00 0.00000000E+00
1.91666667E+00 1.56250000E-02
1.91666667E+00 4.68750000E-02
1.91666667E+00 7.81250000E-02
1.91666667E+00 1.09375000E-01
1.91666667E+00 1.40625000E-01
1.91666667E+00 1.71875000E-01
1.91666667E+00 2.03125000E-01
1.91666667E+00 2.34375000E-01
1.91666667E+00 2.65625000E-01
1.91666667E+00 2.96875000E-01
1.91666667E+00 3.28125000E-01
1.91666667E+00 3.59375000E-01
1.91666667E+00 3.90625000E-01
1.91666667E+00 4.21875000E-01
1.91666667E+00 4.53125000E-01
1.91666667E+00 4.84375000E-01
1.91666667E+00 5.15625000E-01
1.91666667E+00 5.46875000E-01
1.91666667E+00 5.78125000E-01
1.91666667E+00 6.09375000E-01
1.91666667E+00 6.40625000E-01
1.91666667E+00 6.71875000E-01
1.91666667E+00 7.03125000E-01
1.91666667E+00 7.34375000E-01
1.91666667E+00 7.65625000E-01
1.91666667E+00 7.96875000E-01
1.91666667E+00 8.28125000E-01
1.91666667E+00 8.59375000E-01
1.91666667E+00 8.90625000E-01
1.91666667E+00 9.21875000E-01
1.91666667E+00 9.53125000E-01
1.91666667E+00 9.84375000E-01
1.91666667E+00 1.00000000E+00
1.94444444E+00 0.00000000E+00
1.94444444E+00 3.12500000E-02
1.94444444E+00 6.25000000E-02
1.94444444E+00 9.37500000E-02
1.94444444E+00 1.25000000E-01
1.94444444E+00 1.56250000E-01
1.94444444E+00 1.87500000E-01
1.94444444E+00 2.18750000E-01
1.94444444E+00 2.50000000E-01
1.94444444E+00 2.81250000E-01
1.94444444E+00 3.12500000E-01
1.94444444E+00 3.43750000E-01
1.94444444E+00 3.75000000E-01
1.94444444E+00 4.06250000E-01
1.94444444E+00 4.37500000E-01
1.94444444E+00 4.68750000E-01
1.94444444E+00 5.00000000E-01
1.94444444E+00 5.31250000E-01
1.94444444E+00 5.62500000E-01
1.94444444E+00 5.93750000E-01
1.94444444E+00 6.25000000E-01
1.94444444E+00 6.56250000E-01
1.94444444E+00 6.87500000E-01
1.94444444E+00 7.18750000E-01
1.94444444E+00 7.50000000E-01
1.94444444E+00 7.81250000E-01
1.94444444E+00 8.12500000E-01
1.94444444E+00 8.43750000E-01
1.94444444E+00 8.75000000E-01
1.94444444E+00 9.06250000E-01
1.94444444E+00 9.37500000E-01
1.94444444E+00 9.68750000E-01
1.94444444E+00 1.00000000E+00
1.97222222E+00 0.00000000E+00
1.97222222E+00 1.56250000E-02
1.97222222E+00 4.68750000E-02
1.97222222E+00 7.81250000E-02
1.97222222E+00 1.09375000E-01
1.97222222E+00 1.40625000E-01
1.97222222E+00 1.71875000E-01
1.97222222E+00 2.03125000E-01
1.97222222E+00 2.34375000E-01
1.97222222E+00 2.65625000E-01
1.97222222E+00 2.96875000E-01
1.97222222E+00 3.28125000E-01
1.97222222E+00 3.59375000E-01
1.97222222E+00 3.90625000E-01
1.97222222E+00 4.21875000E-01
1.97222222E+00 4.53125000E-01
1.97222222E+00 4.84375000E-01
1.97222222E+00 5.15625000E-01
1.97222222E+00 5.46875000E-01
1.97222222E+00 5.78125000E-01
1.97222222E+00 6.09375000E-01
1.97222222E+00 6.40625000E-01
1.97222222E+00 6.71875000E-01
1.97222222E+00 7.03125000E-01
1.97222222E+00 7.34375000E-01
1.97222222E+00 7.65625000E-01
1.97222222E+00 7.96875000E-01
1.97222222E+00 8.28125000E-01
1.97222222E+00 8.59375000E-01
1.97222222E+00 8.90625000E-01
1.97222222E+00 9.21875000E-01
1.97222222E+00 9.53125000E-01
1.97222222E+00 9.84375000E-01
1.97222222E+00 1.00000000E+00
2.00000000E+00 0.00000000E+00
2.00000000E+00 3.12500000E-02
2.00000000E+00 6.25000000E-02
2.00000000E+00 9.37500000E-02
2.00000000E+00 1.25000000E-01
2.00000000E+00 1.56250000E-01
2.00000000E+00 1.87500000E-01
2.00000000E+00 2.18750000E-01
2.00000000E+00 2.50000000E-01
2.00000000E+00 2.81250000E-01
2.00000000E+00 3.12500000E-01
2.00000000E+00 3.43750000E-01
2.00000000E+00 3.75000000E-01
2.00000000E+00 4.06250000E-01
2.00000000E+00 4.37500000E-01
2.00000000E+00 4.68750000E-01
2.00000000E+00 5.00000000E-01
2.00000000E+00 5.31250000E-01
2.00000000E+00 5.62500000E-01
2.00000000E+00 5.93750000E-01
2.00000000E+00 6.25000000E-01
2.00000000E+00 6.56250000E-01
2.00000000E+00 6.87500000E-01
2.00000000E+00 7.18750000E-01
2.00000000E+00 7.50000000E-01
2.00000000E+00 7.81250000E-01
2.00000000E+00 8.12500000E-01
2.00000000E+00 8.43750000E-01
2.00000000E+00 8.75000000E-01
2.00000000E+00 9.06250000E-01
2.00000000E+00 9.37500000E-01
2.00000000E+00 9.68750000E-01
2.00000000E+00 1.00000000E+00
-2.70632939E-02 1.56250000E-02
-2.70632939E-02 4.68750000E-02
-2.70632939E-02 7.81250000E-02
-2.70632939E-02 1.09375000E-01
-2.70632939E-02 1.40625000E-01
-2.70632939E-02 1.71875000E-01
-2.70632939E-02 2.03125000E-01
-2.70632939E-02 2.34375000E-01
-2.70632939E-02 2.65625000E-01
-2.70632939E-02 2.96875000E-01
-2.70632939E-02 3.28125000E-01
-2.70632939E-02 3.59375000E-01
-2.70632939E-02 3.90625000E-01
-2.70632939E-02 4.21875000E-01
-2.70632939E-02 4.53125000E-01
-2.70632939E-02 4.84375000E-01
-2.70632939E-02 5.15625000E-01
-2.70632939E-02 5.46875000E-01
-2.70632939E-02 5.78125000E-01
-2.70632939E-02 6.09375000E-01
-2.70632939E-02 6.40625000E-01
-2.70632939E-02 6.71875000E-01
-2.70632939E-02 7.03125000E-01
-2.70632939E-02 7.34375000E-01
-2.70632939E-02 7.65625000E-01
-2.70632939E-02 7.96875000E-01
-2.70632939E-02 8.28125000E-01
-2.70632939E-02 8.59375000E-01
-2.70632939E-02 8.90625000E-01
-2.70632939E-02 9.21875000E-01
-2.70632939E-02 9.53125000E-01
-2.70632939E-02 9.84375000E-01
2.02706329E+00 1.56250000E-02
2.02706329E+00 4.68750000E-02
2.02706329E+00 7.81250000E-02
2.02706329E+00 1.09375000E-01
2.02706329E+00 1.40625000E-01
2.02706329E+00 1.71875000E-01
2.02706329E+00 2.03125000E-01
2.02706329E+00 2.34375000E-01
2.02706329E+00 2.65625000E-01
2.02706329E+00 2.96875000E-01
2.02706329E+00 3.28125000E-01
2.02706329E+00 3.59375000E-01
2.02706329E+00 3.90625000E-01
2.02706329E+00 4.21875000E-01
2.02706329E+00 4.53125000E-01
2.02706329E+00 4.84375000E-01
2.02706329E+00 5.15625000E-01
2.02706329E+00 5.46875000E-01
2.02706329E+00 5.78125000E-01
2.02706329E+00 6.09375000E-01
2.02706329E+00 6.40625000E-01
2.02706329E+00 6.71875000E-01
2.02706329E+00 7.03125000E-01
2.02706329E+00 7.34375000E-01
2.02706329E+00 7.65625000E-01
2.02706329E+00 7.96875000E-01
2.02706329E+00 8.28125000E-01
2.02706329E+00 8.59375000E-01
2.02706329E+00 8.90625000E-01
2.02706329E+00 9.21875000E-01
2.02706329E+00 9.53125000E-01
2.02706329E+00 9.84375000E-01
1.12500000E+00 1.02405626E+00
4.16666670E-02 1.02405626E+00
1.40277778E+00 1.02405626E+00
9.72222220E-02 1.02405626E+00
1.68055556E+00 1.02405626E+00
1.52777778E-01 1.02405626E+00
1.95833333E+00 1.02405626E+00
2.08333333E-01 1.02405626E+00
2.36111111E-01 1.02405626E+00
2.63888889E-01 1.02405626E+00
5.13888889E-01 1.02405626E+00
3.19444444E-01 1.02405626E+00
7.91666667E-01 1.02405626E+00
3.75000000E-01 1.02405626E+00
1.06944444E+00 1.02405626E+00
4.30555556E-01 1.02405626E+00
1.34722222E+00 1.02405626E+00
4.86111111E-01 1.02405626E+00
1.62500000E+00 1.02405626E+00
5.41666667E-01 1.02405626E+00
1.90277778E+00 1.02405626E+00
5.97222222E-01 1.02405626E+00
1.80555555E-01 1.02405626E+00
6.52777778E-01 1.02405626E+00
4.58333333E-01 1.02405626E+00
7.08333333E-01 1.02405626E+00
7.36111111E-01 1.02405626E+00
7.63888889E-01 1.02405626E+00
1.01388889E+00 1.02405626E+00
8.19444444E-01 1.02405626E+00
1.29166667E+00 1.02405626E+00
8.75000000E-01 1.02405626E+00
1.56944444E+00 1.02405626E+00
9.30555556E-01 1.02405626E+00
1.84722222E+00 1.02405626E+00
9.86111111E-01 1.02405626E+00
1.25000000E-01 1.02405626E+00
1.04166667E+00 1.02405626E+00
4.02777778E-01 1.02405626E+00
1.09722222E+00 1.02405626E+00
6.80555556E-01 1.02405626E+00
1.15277778E+00 1.02405626E+00
9.58333333E-01 1.02405626E+00
1.20833333E+00 1.02405626E+00
1.23611111E+00 1.02405626E+00
1.26388889E+00 1.02405626E+00
1.51388889E+00 1.02405626E+00
1.31944444E+00 1.02405626E+00
1.79166667E+00 1.02405626E+00
1.37500000E+00 1.02405626E+00
6.94444445E-02 1.02405626E+00
1.43055556E+00 1.02405626E+00
3.47222222E-01 1.02405626E+00
1.48611111E+00 1.02405626E+00
6.25000000E-01 1.02405626E+00
1.54166667E+00 1.02405626E+00
9.02777778E-01 1.02405626E+00
1.59722222E+00 1.02405626E+00
1.18055556E+00 1.02405626E+00
1.65277778E+00 1.02405626E+00
1.45833333E+00 1.02405626E+00
1.70833333E+00 1.02405626E+00
1.73611111E+00 1.02405626E+00
1.76388889E+00 1.02405626E+00
1.38888890E-02 1.02405626E+00
1.81944444E+00 1.02405626E+00
2.91666667E-01 1.02405626E+00
1.87500000E+00 1.02405626E+00
5.69444444E-01 1.02405626E+00
1.93055556E+00 1.02405626E+00
8.47222222E-01 1.02405626E+00
1.98611111E+00 1.02405626E+00
1.38888890E-02 -2.40562614E-02
4.16666670E-02 -2.40562614E-02
6.94444445E-02 -2.40562605E-02
9.72222220E-02 -2.40562614E-02
1.25000000E-01 -2.40562614E-02
1.52777778E-01 -2.40562614E-02
1.80555555E-01 -2.40562605E-02
2.08333333E-01 -2.40562614E-02
2.36111111E-01 -2.40562614E-02
2.63888889E-01 -2.40562614E-02
2.91666667E-01 -2.40562614E-02
3.19444444E-01 -2.40562605E-02
3.47222222E-01 -2.40562614E-02
3.75000000E-01 -2.40562614E-02
4.02777778E-01 -2.40562614E-02
4.30555556E-01 -2.40562605E-02
4.58333333E-01 -2.40562614E-02
4.86111111E-01 -2.40562614E-02
5.13888889E-01 -2.40562614E-02
5.41666667E-01 -2.40562614E-02
5.69444444E-01 -2.40562605E-02
5.97222222E-01 -2.40562614E-02
6.25000000E-01 -2.40562614E-02
6.52777778E-01 -2.40562614E-02
6.80555556E-01 -2.40562605E-02
7.08333333E-01 -2.40562614E-02
7.36111111E-01 -2.40562614E-02
7.63888889E-01 -2.40562614E-02
7.91666667E-01 -2.40562614E-02
8.19444444E-01 -2.40562605E-02
8.47222222E-01 -2.40562614E-02
8.75000000E-01 -2.40562614E-02
9.02777778E-01 -2.40562614E-02
9.30555556E-01 -2.40562605E-02
9.58333333E-01 -2.40562614E-02
9.86111111E-01 -2.40562614E-02
1.01388889E+00 -2.40562614E-02
1.04166667E+00 -2.40562614E-02
1.06944444E+00 -2.40562605E-02
1.09722222E+00 -2.40562614E-02
1.12500000E+00 -2.40562614E-02
1.15277778E+00 -2.40562614E-02
1.18055556E+00 -2.40562605E-02
1.20833333E+00 -2.40562614E-02
1.23611111E+00 -2.40562614E-02
1.26388889E+00 -2.40562614E-02
1.29166667E+00 -2.40562614E-02
1.31944444E+00 -2.40562605E-02
1.34722222E+00 -2.40562614E-02
1.37500000E+00 -2.40562614E-02
1.40277778E+00 -2.40562614E-02
1.43055556E+00 -2.40562605E-02
1.45833333E+00 -2.40562614E-02
1.48611111E+00 -2.40562614E-02
1.51388889E+00 -2.40562614E-02
1.54166667E+00 -2.40562614E-02
1.56944444E+00 -2.40562605E-02
1.59722222E+00 -2.40562614E-02
1.62500000E+00 -2.40562614E-02
1.65277778E+00 -2.40562614E-02
1.68055556E+00 -2.40562605E-02
1.70833333E+00 -2.40562614E-02
1.73611111E+00 -2.40562614E-02
1.76388889E+00 -2.40562614E-02
1.79166667E+00 -2.40562614E-02
1.81944444E+00 -2.40562605E-02
1.84722222E+00 -2.40562614E-02
1.87500000E+00 -2.40562614E-02
1.90277778E+00 -2.40562614E-02
1.93055556E+00 -2.40562605E-02
1.95833333E+00 -2.40562614E-02
1.98611111E+00 -2.40562614E-02
