# 4536 2
1 5141
2 10282
3 5173
4 10314
5 5205
6 10346
7 5237
8 10378
9 5269
10 10410
11 5301
12 10442
13 5333
14 10474
15 5365
16 10506
17 5397
18 10538
19 5429
20 10570
21 5461
22 10602
23 5493
24 10634
25 5525
26 10666
27 5557
28 10698
29 5589
30 10730
31 5621
32 10762
33 5653
34 10794
35 5685
36 10826
37 5717
38 10858
39 5749
40 10890
41 5781
42 10922
43 5813
44 10954
45 5845
46 10986
47 5877
48 11018
49 5909
50 11050
51 5941
52 11082
53 5973
54 11114
55 6005
56 11146
57 6037
58 11178
59 6069
60 11210
61 6101
62 11242
63 6133
66 26666
67 21557
68 26698
69 21589
70 26730
71 21621
72 26762
73 21653
74 26794
75 21685
76 26826
77 21717
78 26858
79 21749
80 26890
81 21781
82 26922
83 21813
84 26954
85 21845
86 26986
87 21877
88 27018
89 21909
90 27050
91 21941
92 27082
93 21973
94 27114
95 22005
96 27146
97 22037
98 27178
99 22069
100 27210
101 22101
102 27242
103 22133
104 27274
105 22165
106 27306
107 22197
108 27338
109 22229
110 27370
111 22261
112 27402
113 22293
114 27434
115 22325
116 27466
117 22357
118 27498
119 22389
120 27530
121 22421
122 27562
123 22453
124 27594
125 22485
126 27626
127 22517
128 27658
131 37941
132 43082
133 37973
134 43114
135 38005
136 43146
137 38037
138 43178
139 38069
140 43210
141 38101
142 43242
143 38133
144 43274
145 38165
146 43306
147 38197
148 43338
149 38229
150 43370
151 38261
152 43402
153 38293
154 43434
155 38325
156 43466
157 38357
158 43498
159 38389
160 43530
161 38421
162 43562
163 38453
164 43594
165 38485
166 43626
167 38517
168 43658
169 38549
170 43690
171 38581
172 43722
173 38613
174 43754
175 38645
176 43786
177 38677
178 43818
179 38709
180 43850
181 38741
182 43882
183 38773
184 43914
185 38805
186 43946
187 38837
188 43978
189 38869
190 44010
191 38901
192 44042
193 38933
196 59466
197 54357
198 59498
199 54389
200 59530
201 54421
202 59562
203 54453
204 59594
205 54485
206 59626
207 54517
208 59658
209 54549
210 59690
211 54581
212 59722
213 54613
214 59754
215 54645
216 59786
217 54677
218 59818
219 54709
220 59850
221 54741
222 59882
223 54773
224 59914
225 54805
226 59946
227 54837
228 59978
229 54869
230 60010
231 54901
232 60042
233 54933
234 60074
235 54965
236 60106
237 54997
238 60138
239 55029
240 60170
241 55061
242 60202
243 55093
244 60234
245 55125
246 60266
247 55157
248 60298
249 55189
250 60330
251 55221
252 60362
253 55253
254 60394
255 55285
256 60426
257 55317
258 60458
261 70741
262 75882
263 70773
264 75914
265 70805
266 75946
267 70837
268 75978
269 70869
270 76010
271 70901
272 76042
273 70933
274 76074
275 70965
276 76106
277 70997
278 76138
279 71029
280 76170
281 71061
282 76202
283 71093
284 76234
285 71125
286 76266
287 71157
288 76298
289 71189
290 76330
291 71221
292 76362
293 71253
294 76394
295 71285
296 76426
297 71317
298 76458
299 71349
300 76490
301 71381
302 76522
303 71413
304 76554
305 71445
306 76586
307 71477
308 76618
309 71509
310 76650
311 71541
312 76682
313 71573
314 76714
315 71605
316 76746
317 71637
318 76778
319 71669
320 76810
321 71701
322 76842
323 71733
326 92266
327 87157
328 92298
329 87189
330 92330
331 87221
332 92362
333 87253
334 92394
335 87285
336 92426
337 87317
338 92458
339 87349
340 92490
341 87381
342 92522
343 87413
344 92554
345 87445
346 92586
347 87477
348 92618
349 87509
350 92650
351 87541
352 92682
353 87573
354 92714
355 87605
356 92746
357 87637
358 92778
359 87669
360 92810
361 87701
362 92842
363 87733
364 92874
365 87765
366 92906
367 87797
368 92938
369 87829
370 92970
371 87861
372 93002
373 87893
374 93034
375 87925
376 93066
377 87957
378 93098
379 87989
380 93130
381 88021
382 93162
383 88053
384 93194
385 88085
386 93226
387 88117
388 93258
391 103541
392 108682
393 103573
394 108714
395 103605
396 108746
397 103637
398 108778
399 103669
400 108810
401 103701
402 108842
403 103733
404 108874
405 103765
406 108906
407 103797
408 108938
409 103829
410 108970
411 103861
412 109002
413 103893
414 109034
415 103925
416 109066
417 103957
418 109098
419 103989
420 109130
421 104021
422 109162
423 104053
424 109194
425 104085
426 109226
427 104117
428 109258
429 104149
430 109290
431 104181
432 109322
433 104213
434 109354
435 104245
436 109386
437 104277
438 109418
439 104309
440 109450
441 104341
442 109482
443 104373
444 109514
445 104405
446 109546
447 104437
448 109578
449 104469
450 109610
451 104501
452 109642
453 104533
456 125066
457 119957
458 125098
459 119989
460 125130
461 120021
462 125162
463 120053
464 125194
465 120085
466 125226
467 120117
468 125258
469 120149
470 125290
471 120181
472 125322
473 120213
474 125354
475 120245
476 125386
477 120277
478 125418
479 120309
480 125450
481 120341
482 125482
483 120373
484 125514
485 120405
486 125546
487 120437
488 125578
489 120469
490 125610
491 120501
492 125642
493 120533
494 125674
495 120565
496 125706
497 120597
498 125738
499 120629
500 125770
501 120661
502 125802
503 120693
504 125834
505 120725
506 125866
507 120757
508 125898
509 120789
510 125930
511 120821
512 125962
513 120853
514 125994
515 120885
516 126026
517 120917
518 126058
521 136341
522 141482
523 136373
524 141514
525 136405
526 141546
527 136437
528 141578
529 136469
530 141610
531 136501
532 141642
533 136533
534 141674
535 136565
536 141706
537 136597
538 141738
539 136629
540 141770
541 136661
542 141802
543 136693
544 141834
545 136725
546 141866
547 136757
548 141898
549 136789
550 141930
551 136821
552 141962
553 136853
554 141994
555 136885
556 142026
557 136917
558 142058
559 136949
560 142090
561 136981
562 142122
563 137013
564 142154
565 137045
566 142186
567 137077
568 142218
569 137109
570 142250
571 137141
572 142282
573 137173
574 142314
575 137205
576 142346
577 137237
578 142378
579 137269
580 142410
581 137301
582 142442
583 137333
586 157866
587 152757
588 157898
589 152789
590 157930
591 152821
592 157962
593 152853
594 157994
595 152885
596 158026
597 152917
598 158058
599 152949
600 158090
601 152981
602 158122
603 153013
604 158154
605 153045
606 158186
607 153077
608 158218
609 153109
610 158250
611 153141
612 158282
613 153173
614 158314
615 153205
616 158346
617 153237
618 158378
619 153269
620 158410
621 153301
622 158442
623 153333
624 158474
625 153365
626 158506
627 153397
628 158538
629 153429
630 158570
631 153461
632 158602
633 153493
634 158634
635 153525
636 158666
637 153557
638 158698
639 153589
640 158730
641 153621
642 158762
643 153653
644 158794
645 153685
646 158826
647 153717
648 158858
651 169141
652 174282
653 169173
654 174314
655 169205
656 174346
657 169237
658 174378
659 169269
660 174410
661 169301
662 174442
663 169333
664 174474
665 169365
666 174506
667 169397
668 174538
669 169429
670 174570
671 169461
672 174602
673 169493
674 174634
675 169525
676 174666
677 169557
678 174698
679 169589
680 174730
681 169621
682 174762
683 169653
684 174794
685 169685
686 174826
687 169717
688 174858
689 169749
690 174890
691 169781
692 174922
693 169813
694 174954
695 169845
696 174986
697 169877
698 175018
699 169909
700 175050
701 169941
702 175082
703 169973
704 175114
705 170005
706 175146
707 170037
708 175178
709 170069
710 175210
711 170101
712 175242
713 170133
716 190666
717 185557
718 190698
719 185589
720 190730
721 185621
722 190762
723 185653
724 190794
725 185685
726 190826
727 185717
728 190858
729 185749
730 190890
731 185781
732 190922
733 185813
734 190954
735 185845
736 190986
737 185877
738 191018
739 185909
740 191050
741 185941
742 191082
743 185973
744 191114
745 186005
746 191146
747 186037
748 191178
749 186069
750 191210
751 186101
752 191242
753 186133
754 191274
755 186165
756 191306
757 186197
758 191338
759 186229
760 191370
761 186261
762 191402
763 186293
764 191434
765 186325
766 191466
767 186357
768 191498
769 186389
770 191530
771 186421
772 191562
773 186453
774 191594
775 186485
776 191626
777 186517
778 191658
781 201941
782 207082
783 201973
784 207114
785 202005
786 207146
787 202037
788 207178
789 202069
790 207210
791 202101
792 207242
793 202133
794 207274
795 202165
796 207306
797 202197
798 207338
799 202229
800 207370
801 202261
802 207402
803 202293
804 207434
805 202325
806 207466
807 202357
808 207498
809 202389
810 207530
811 202421
812 207562
813 202453
814 207594
815 202485
816 207626
817 202517
818 207658
819 202549
820 207690
821 202581
822 207722
823 202613
824 207754
825 202645
826 207786
827 202677
828 207818
829 202709
830 207850
831 202741
832 207882
833 202773
834 207914
835 202805
836 207946
837 202837
838 207978
839 202869
840 208010
841 202901
842 208042
843 202933
846 223466
847 218357
848 223498
849 218389
850 223530
851 218421
852 223562
853 218453
854 223594
855 218485
856 223626
857 218517
858 223658
859 218549
860 223690
861 218581
862 223722
863 218613
864 223754
865 218645
866 223786
867 218677
868 223818
869 218709
870 223850
871 218741
872 223882
873 218773
874 223914
875 218805
876 223946
877 218837
878 223978
879 218869
880 224010
881 218901
882 224042
883 218933
884 224074
885 218965
886 224106
887 218997
888 224138
889 219029
890 224170
891 219061
892 224202
893 219093
894 224234
895 219125
896 224266
897 219157
898 224298
899 219189
900 224330
901 219221
902 224362
903 219253
904 224394
905 219285
906 224426
907 219317
908 224458
911 234741
912 239882
913 234773
914 239914
915 234805
916 239946
917 234837
918 239978
919 234869
920 240010
921 234901
922 240042
923 234933
924 240074
925 234965
926 240106
927 234997
928 240138
929 235029
930 240170
931 235061
932 240202
933 235093
934 240234
935 235125
936 240266
937 235157
938 240298
939 235189
940 240330
941 235221
942 240362
943 235253
944 240394
945 235285
946 240426
947 235317
948 240458
949 235349
950 240490
951 235381
952 240522
953 235413
954 240554
955 235445
956 240586
957 235477
958 240618
959 235509
960 240650
961 235541
962 240682
963 235573
964 240714
965 235605
966 240746
967 235637
968 240778
969 235669
970 240810
971 235701
972 240842
973 235733
976 256266
977 251157
978 256298
979 251189
980 256330
981 251221
982 256362
983 251253
984 256394
985 251285
986 256426
987 251317
988 256458
989 251349
990 256490
991 251381
992 256522
993 251413
994 256554
995 251445
996 256586
997 251477
998 256618
999 251509
1000 256650
1001 251541
1002 256682
1003 251573
1004 256714
1005 251605
1006 256746
1007 251637
1008 256778
1009 251669
1010 256810
1011 251701
1012 256842
1013 251733
1014 256874
1015 251765
1016 256906
1017 251797
1018 256938
1019 251829
1020 256970
1021 251861
1022 257002
1023 251893
1024 257034
1025 251925
1026 257066
1027 251957
1028 257098
1029 251989
1030 257130
1031 252021
1032 257162
1033 252053
1034 257194
1035 252085
1036 257226
1037 252117
1038 257258
1041 267541
1042 272682
1043 267573
1044 272714
1045 267605
1046 272746
1047 267637
1048 272778
1049 267669
1050 272810
1051 267701
1052 272842
1053 267733
1054 272874
1055 267765
1056 272906
1057 267797
1058 272938
1059 267829
1060 272970
1061 267861
1062 273002
1063 267893
1064 273034
1065 267925
1066 273066
1067 267957
1068 273098
1069 267989
1070 273130
1071 268021
1072 273162
1073 268053
1074 273194
1075 268085
1076 273226
1077 268117
1078 273258
1079 268149
1080 273290
1081 268181
1082 273322
1083 268213
1084 273354
1085 268245
1086 273386
1087 268277
1088 273418
1089 268309
1090 273450
1091 268341
1092 273482
1093 268373
1094 273514
1095 268405
1096 273546
1097 268437
1098 273578
1099 268469
1100 273610
1101 268501
1102 273642
1103 268533
1106 289066
1107 283957
1108 289098
1109 283989
1110 289130
1111 284021
1112 289162
1113 284053
1114 289194
1115 284085
1116 289226
1117 284117
1118 289258
1119 284149
1120 289290
1121 284181
1122 289322
1123 284213
1124 289354
1125 284245
1126 289386
1127 284277
1128 289418
1129 284309
1130 289450
1131 284341
1132 289482
1133 284373
1134 289514
1135 284405
1136 289546
1137 284437
1138 289578
1139 284469
1140 289610
1141 284501
1142 289642
1143 284533
1144 289674
1145 284565
1146 289706
1147 284597
1148 289738
1149 284629
1150 289770
1151 284661
1152 289802
1153 284693
1154 289834
1155 284725
1156 289866
1157 284757
1158 289898
1159 284789
1160 289930
1161 284821
1162 289962
1163 284853
1164 289994
1165 284885
1166 290026
1167 284917
1168 290058
1171 300341
1172 305482
1173 300373
1174 305514
1175 300405
1176 305546
1177 300437
1178 305578
1179 300469
1180 305610
1181 300501
1182 305642
1183 300533
1184 305674
1185 300565
1186 305706
1187 300597
1188 305738
1189 300629
1190 305770
1191 300661
1192 305802
1193 300693
1194 305834
1195 300725
1196 305866
1197 300757
1198 305898
1199 300789
1200 305930
1201 300821
1202 305962
1203 300853
1204 305994
1205 300885
1206 306026
1207 300917
1208 306058
1209 300949
1210 306090
1211 300981
1212 306122
1213 301013
1214 306154
1215 301045
1216 306186
1217 301077
1218 306218
1219 301109
1220 306250
1221 301141
1222 306282
1223 301173
1224 306314
1225 301205
1226 306346
1227 301237
1228 306378
1229 301269
1230 306410
1231 301301
1232 306442
1233 301333
1236 321866
1237 316757
1238 321898
1239 316789
1240 321930
1241 316821
1242 321962
1243 316853
1244 321994
1245 316885
1246 322026
1247 316917
1248 322058
1249 316949
1250 322090
1251 316981
1252 322122
1253 317013
1254 322154
1255 317045
1256 322186
1257 317077
1258 322218
1259 317109
1260 322250
1261 317141
1262 322282
1263 317173
1264 322314
1265 317205
1266 322346
1267 317237
1268 322378
1269 317269
1270 322410
1271 317301
1272 322442
1273 317333
1274 322474
1275 317365
1276 322506
1277 317397
1278 322538
1279 317429
1280 322570
1281 317461
1282 322602
1283 317493
1284 322634
1285 317525
1286 322666
1287 317557
1288 322698
1289 317589
1290 322730
1291 317621
1292 322762
1293 317653
1294 322794
1295 317685
1296 322826
1297 317717
1298 322858
1301 333141
1302 338282
1303 333173
1304 338314
1305 333205
1306 338346
1307 333237
1308 338378
1309 333269
1310 338410
1311 333301
1312 338442
1313 333333
1314 338474
1315 333365
1316 338506
1317 333397
1318 338538
1319 333429
1320 338570
1321 333461
1322 338602
1323 333493
1324 338634
1325 333525
1326 338666
1327 333557
1328 338698
1329 333589
1330 338730
1331 333621
1332 338762
1333 333653
1334 338794
1335 333685
1336 338826
1337 333717
1338 338858
1339 333749
1340 338890
1341 333781
1342 338922
1343 333813
1344 338954
1345 333845
1346 338986
1347 333877
1348 339018
1349 333909
1350 339050
1351 333941
1352 339082
1353 333973
1354 339114
1355 334005
1356 339146
1357 334037
1358 339178
1359 334069
1360 339210
1361 334101
1362 339242
1363 334133
1366 354666
1367 349557
1368 354698
1369 349589
1370 354730
1371 349621
1372 354762
1373 349653
1374 354794
1375 349685
1376 354826
1377 349717
1378 354858
1379 349749
1380 354890
1381 349781
1382 354922
1383 349813
1384 354954
1385 349845
1386 354986
1387 349877
1388 355018
1389 349909
1390 355050
1391 349941
1392 355082
1393 349973
1394 355114
1395 350005
1396 355146
1397 350037
1398 355178
1399 350069
1400 355210
1401 350101
1402 355242
1403 350133
1404 355274
1405 350165
1406 355306
1407 350197
1408 355338
1409 350229
1410 355370
1411 350261
1412 355402
1413 350293
1414 355434
1415 350325
1416 355466
1417 350357
1418 355498
1419 350389
1420 355530
1421 350421
1422 355562
1423 350453
1424 355594
1425 350485
1426 355626
1427 350517
1428 355658
1431 365941
1432 371082
1433 365973
1434 371114
1435 366005
1436 371146
1437 366037
1438 371178
1439 366069
1440 371210
1441 366101
1442 371242
1443 366133
1444 371274
1445 366165
1446 371306
1447 366197
1448 371338
1449 366229
1450 371370
1451 366261
1452 371402
1453 366293
1454 371434
1455 366325
1456 371466
1457 366357
1458 371498
1459 366389
1460 371530
1461 366421
1462 371562
1463 366453
1464 371594
1465 366485
1466 371626
1467 366517
1468 371658
1469 366549
1470 371690
1471 366581
1472 371722
1473 366613
1474 371754
1475 366645
1476 371786
1477 366677
1478 371818
1479 366709
1480 371850
1481 366741
1482 371882
1483 366773
1484 371914
1485 366805
1486 371946
1487 366837
1488 371978
1489 366869
1490 372010
1491 366901
1492 372042
1493 366933
1496 387466
1497 382357
1498 387498
1499 382389
1500 387530
1501 382421
1502 387562
1503 382453
1504 387594
1505 382485
1506 387626
1507 382517
1508 387658
1509 382549
1510 387690
1511 382581
1512 387722
1513 382613
1514 387754
1515 382645
1516 387786
1517 382677
1518 387818
1519 382709
1520 387850
1521 382741
1522 387882
1523 382773
1524 387914
1525 382805
1526 387946
1527 382837
1528 387978
1529 382869
1530 388010
1531 382901
1532 388042
1533 382933
1534 388074
1535 382965
1536 388106
1537 382997
1538 388138
1539 383029
1540 388170
1541 383061
1542 388202
1543 383093
1544 388234
1545 383125
1546 388266
1547 383157
1548 388298
1549 383189
1550 388330
1551 383221
1552 388362
1553 383253
1554 388394
1555 383285
1556 388426
1557 383317
1558 388458
1561 398741
1562 403882
1563 398773
1564 403914
1565 398805
1566 403946
1567 398837
1568 403978
1569 398869
1570 404010
1571 398901
1572 404042
1573 398933
1574 404074
1575 398965
1576 404106
1577 398997
1578 404138
1579 399029
1580 404170
1581 399061
1582 404202
1583 399093
1584 404234
1585 399125
1586 404266
1587 399157
1588 404298
1589 399189
1590 404330
1591 399221
1592 404362
1593 399253
1594 404394
1595 399285
1596 404426
1597 399317
1598 404458
1599 399349
1600 404490
1601 399381
1602 404522
1603 399413
1604 404554
1605 399445
1606 404586
1607 399477
1608 404618
1609 399509
1610 404650
1611 399541
1612 404682
1613 399573
1614 404714
1615 399605
1616 404746
1617 399637
1618 404778
1619 399669
1620 404810
1621 399701
1622 404842
1623 399733
1626 420266
1627 415157
1628 420298
1629 415189
1630 420330
1631 415221
1632 420362
1633 415253
1634 420394
1635 415285
1636 420426
1637 415317
1638 420458
1639 415349
1640 420490
1641 415381
1642 420522
1643 415413
1644 420554
1645 415445
1646 420586
1647 415477
1648 420618
1649 415509
1650 420650
1651 415541
1652 420682
1653 415573
1654 420714
1655 415605
1656 420746
1657 415637
1658 420778
1659 415669
1660 420810
1661 415701
1662 420842
1663 415733
1664 420874
1665 415765
1666 420906
1667 415797
1668 420938
1669 415829
1670 420970
1671 415861
1672 421002
1673 415893
1674 421034
1675 415925
1676 421066
1677 415957
1678 421098
1679 415989
1680 421130
1681 416021
1682 421162
1683 416053
1684 421194
1685 416085
1686 421226
1687 416117
1688 421258
1691 431541
1692 436682
1693 431573
1694 436714
1695 431605
1696 436746
1697 431637
1698 436778
1699 431669
1700 436810
1701 431701
1702 436842
1703 431733
1704 436874
1705 431765
1706 436906
1707 431797
1708 436938
1709 431829
1710 436970
1711 431861
1712 437002
1713 431893
1714 437034
1715 431925
1716 437066
1717 431957
1718 437098
1719 431989
1720 437130
1721 432021
1722 437162
1723 432053
1724 437194
1725 432085
1726 437226
1727 432117
1728 437258
1729 432149
1730 437290
1731 432181
1732 437322
1733 432213
1734 437354
1735 432245
1736 437386
1737 432277
1738 437418
1739 432309
1740 437450
1741 432341
1742 437482
1743 432373
1744 437514
1745 432405
1746 437546
1747 432437
1748 437578
1749 432469
1750 437610
1751 432501
1752 437642
1753 432533
1756 453066
1757 447957
1758 453098
1759 447989
1760 453130
1761 448021
1762 453162
1763 448053
1764 453194
1765 448085
1766 453226
1767 448117
1768 453258
1769 448149
1770 453290
1771 448181
1772 453322
1773 448213
1774 453354
1775 448245
1776 453386
1777 448277
1778 453418
1779 448309
1780 453450
1781 448341
1782 453482
1783 448373
1784 453514
1785 448405
1786 453546
1787 448437
1788 453578
1789 448469
1790 453610
1791 448501
1792 453642
1793 448533
1794 453674
1795 448565
1796 453706
1797 448597
1798 453738
1799 448629
1800 453770
1801 448661
1802 453802
1803 448693
1804 453834
1805 448725
1806 453866
1807 448757
1808 453898
1809 448789
1810 453930
1811 448821
1812 453962
1813 448853
1814 453994
1815 448885
1816 454026
1817 448917
1818 454058
1821 464341
1822 469482
1823 464373
1824 469514
1825 464405
1826 469546
1827 464437
1828 469578
1829 464469
1830 469610
1831 464501
1832 469642
1833 464533
1834 469674
1835 464565
1836 469706
1837 464597
1838 469738
1839 464629
1840 469770
1841 464661
1842 469802
1843 464693
1844 469834
1845 464725
1846 469866
1847 464757
1848 469898
1849 464789
1850 469930
1851 464821
1852 469962
1853 464853
1854 469994
1855 464885
1856 470026
1857 464917
1858 470058
1859 464949
1860 470090
1861 464981
1862 470122
1863 465013
1864 470154
1865 465045
1866 470186
1867 465077
1868 470218
1869 465109
1870 470250
1871 465141
1872 470282
1873 465173
1874 470314
1875 465205
1876 470346
1877 465237
1878 470378
1879 465269
1880 470410
1881 465301
1882 470442
1883 465333
1886 485866
1887 480757
1888 485898
1889 480789
1890 485930
1891 480821
1892 485962
1893 480853
1894 485994
1895 480885
1896 486026
1897 480917
1898 486058
1899 480949
1900 486090
1901 480981
1902 486122
1903 481013
1904 486154
1905 481045
1906 486186
1907 481077
1908 486218
1909 481109
1910 486250
1911 481141
1912 486282
1913 481173
1914 486314
1915 481205
1916 486346
1917 481237
1918 486378
1919 481269
1920 486410
1921 481301
1922 486442
1923 481333
1924 486474
1925 481365
1926 486506
1927 481397
1928 486538
1929 481429
1930 486570
1931 481461
1932 486602
1933 481493
1934 486634
1935 481525
1936 486666
1937 481557
1938 486698
1939 481589
1940 486730
1941 481621
1942 486762
1943 481653
1944 486794
1945 481685
1946 486826
1947 481717
1948 486858
1951 497141
1952 502282
1953 497173
1954 502314
1955 497205
1956 502346
1957 497237
1958 502378
1959 497269
1960 502410
1961 497301
1962 502442
1963 497333
1964 502474
1965 497365
1966 502506
1967 497397
1968 502538
1969 497429
1970 502570
1971 497461
1972 502602
1973 497493
1974 502634
1975 497525
1976 502666
1977 497557
1978 502698
1979 497589
1980 502730
1981 497621
1982 502762
1983 497653
1984 502794
1985 497685
1986 502826
1987 497717
1988 502858
1989 497749
1990 502890
1991 497781
1992 502922
1993 497813
1994 502954
1995 497845
1996 502986
1997 497877
1998 503018
1999 497909
2000 503050
2001 497941
2002 503082
2003 497973
2004 503114
2005 498005
2006 503146
2007 498037
2008 503178
2009 498069
2010 503210
2011 498101
2012 503242
2013 498133
2016 518666
2017 513557
2018 518698
2019 513589
2020 518730
2021 513621
2022 518762
2023 513653
2024 518794
2025 513685
2026 518826
2027 513717
2028 518858
2029 513749
2030 518890
2031 513781
2032 518922
2033 513813
2034 518954
2035 513845
2036 518986
2037 513877
2038 519018
2039 513909
2040 519050
2041 513941
2042 519082
2043 513973
2044 519114
2045 514005
2046 519146
2047 514037
2048 519178
2049 514069
2050 519210
2051 514101
2052 519242
2053 514133
2054 519274
2055 514165
2056 519306
2057 514197
2058 519338
2059 514229
2060 519370
2061 514261
2062 519402
2063 514293
2064 519434
2065 514325
2066 519466
2067 514357
2068 519498
2069 514389
2070 519530
2071 514421
2072 519562
2073 514453
2074 519594
2075 514485
2076 519626
2077 514517
2078 519658
2081 529941
2082 535082
2083 529973
2084 535114
2085 530005
2086 535146
2087 530037
2088 535178
2089 530069
2090 535210
2091 530101
2092 535242
2093 530133
2094 535274
2095 530165
2096 535306
2097 530197
2098 535338
2099 530229
2100 535370
2101 530261
2102 535402
2103 530293
2104 535434
2105 530325
2106 535466
2107 530357
2108 535498
2109 530389
2110 535530
2111 530421
2112 535562
2113 530453
2114 535594
2115 530485
2116 535626
2117 530517
2118 535658
2119 530549
2120 535690
2121 530581
2122 535722
2123 530613
2124 535754
2125 530645
2126 535786
2127 530677
2128 535818
2129 530709
2130 535850
2131 530741
2132 535882
2133 530773
2134 535914
2135 530805
2136 535946
2137 530837
2138 535978
2139 530869
2140 536010
2141 530901
2142 536042
2143 530933
2146 551466
2147 546357
2148 551498
2149 546389
2150 551530
2151 546421
2152 551562
2153 546453
2154 551594
2155 546485
2156 551626
2157 546517
2158 551658
2159 546549
2160 551690
2161 546581
2162 551722
2163 546613
2164 551754
2165 546645
2166 551786
2167 546677
2168 551818
2169 546709
2170 551850
2171 546741
2172 551882
2173 546773
2174 551914
2175 546805
2176 551946
2177 546837
2178 551978
2179 546869
2180 552010
2181 546901
2182 552042
2183 546933
2184 552074
2185 546965
2186 552106
2187 546997
2188 552138
2189 547029
2190 552170
2191 547061
2192 552202
2193 547093
2194 552234
2195 547125
2196 552266
2197 547157
2198 552298
2199 547189
2200 552330
2201 547221
2202 552362
2203 547253
2204 552394
2205 547285
2206 552426
2207 547317
2208 552458
2211 562741
2212 567882
2213 562773
2214 567914
2215 562805
2216 567946
2217 562837
2218 567978
2219 562869
2220 568010
2221 562901
2222 568042
2223 562933
2224 568074
2225 562965
2226 568106
2227 562997
2228 568138
2229 563029
2230 568170
2231 563061
2232 568202
2233 563093
2234 568234
2235 563125
2236 568266
2237 563157
2238 568298
2239 563189
2240 568330
2241 563221
2242 568362
2243 563253
2244 568394
2245 563285
2246 568426
2247 563317
2248 568458
2249 563349
2250 568490
2251 563381
2252 568522
2253 563413
2254 568554
2255 563445
2256 568586
2257 563477
2258 568618
2259 563509
2260 568650
2261 563541
2262 568682
2263 563573
2264 568714
2265 563605
2266 568746
2267 563637
2268 568778
2269 563669
2270 568810
2271 563701
2272 568842
2273 563733
2276 584266
2277 579157
2278 584298
2279 579189
2280 584330
2281 579221
2282 584362
2283 579253
2284 584394
2285 579285
2286 584426
2287 579317
2288 584458
2289 579349
2290 584490
2291 579381
2292 584522
2293 579413
2294 584554
2295 579445
2296 584586
2297 579477
2298 584618
2299 579509
2300 584650
2301 579541
2302 584682
2303 579573
2304 584714
2305 579605
2306 584746
2307 579637
2308 584778
2309 579669
2310 584810
2311 579701
2312 584842
2313 579733
2314 584874
2315 579765
2316 584906
2317 579797
2318 584938
2319 579829
2320 584970
2321 579861
2322 585002
2323 579893
2324 585034
2325 579925
2326 585066
2327 579957
2328 585098
2329 579989
2330 585130
2331 580021
2332 585162
2333 580053
2334 585194
2335 580085
2336 585226
2337 580117
2338 585258
2341 595541
2342 600682
2343 595573
2344 600714
2345 595605
2346 600746
2347 595637
2348 600778
2349 595669
2350 600810
2351 595701
2352 600842
2353 595733
2354 600874
2355 595765
2356 600906
2357 595797
2358 600938
2359 595829
2360 600970
2361 595861
2362 601002
2363 595893
2364 601034
2365 595925
2366 601066
2367 595957
2368 601098
2369 595989
2370 601130
2371 596021
2372 601162
2373 596053
2374 601194
2375 596085
2376 601226
2377 596117
2378 601258
2379 596149
2380 601290
2381 596181
2382 601322
2383 596213
2384 601354
2385 596245
2386 601386
2387 596277
2388 601418
2389 596309
2390 601450
2391 596341
2392 601482
2393 596373
2394 601514
2395 596405
2396 601546
2397 596437
2398 601578
2399 596469
2400 601610
2401 596501
2402 601642
2403 596533
2406 617066
2407 611957
2408 617098
2409 611989
2410 617130
2411 612021
2412 617162
2413 612053
2414 617194
2415 612085
2416 617226
2417 612117
2418 617258
2419 612149
2420 617290
2421 612181
2422 617322
2423 612213
2424 617354
2425 612245
2426 617386
2427 612277
2428 617418
2429 612309
2430 617450
2431 612341
2432 617482
2433 612373
2434 617514
2435 612405
2436 617546
2437 612437
2438 617578
2439 612469
2440 617610
2441 612501
2442 617642
2443 612533
2444 617674
2445 612565
2446 617706
2447 612597
2448 617738
2449 612629
2450 617770
2451 612661
2452 617802
2453 612693
2454 617834
2455 612725
2456 617866
2457 612757
2458 617898
2459 612789
2460 617930
2461 612821
2462 617962
2463 612853
2464 617994
2465 612885
2466 618026
2467 612917
2468 618058
2471 628341
2472 633482
2473 628373
2474 633514
2475 628405
2476 633546
2477 628437
2478 633578
2479 628469
2480 633610
2481 628501
2482 633642
2483 628533
2484 633674
2485 628565
2486 633706
2487 628597
2488 633738
2489 628629
2490 633770
2491 628661
2492 633802
2493 628693
2494 633834
2495 628725
2496 633866
2497 628757
2498 633898
2499 628789
2500 633930
2501 628821
2502 633962
2503 628853
2504 633994
2505 628885
2506 634026
2507 628917
2508 634058
2509 628949
2510 634090
2511 628981
2512 634122
2513 629013
2514 634154
2515 629045
2516 634186
2517 629077
2518 634218
2519 629109
2520 634250
2521 629141
2522 634282
2523 629173
2524 634314
2525 629205
2526 634346
2527 629237
2528 634378
2529 629269
2530 634410
2531 629301
2532 634442
2533 629333
2536 649866
2537 644757
2538 649898
2539 644789
2540 649930
2541 644821
2542 649962
2543 644853
2544 649994
2545 644885
2546 650026
2547 644917
2548 650058
2549 644949
2550 650090
2551 644981
2552 650122
2553 645013
2554 650154
2555 645045
2556 650186
2557 645077
2558 650218
2559 645109
2560 650250
2561 645141
2562 650282
2563 645173
2564 650314
2565 645205
2566 650346
2567 645237
2568 650378
2569 645269
2570 650410
2571 645301
2572 650442
2573 645333
2574 650474
2575 645365
2576 650506
2577 645397
2578 650538
2579 645429
2580 650570
2581 645461
2582 650602
2583 645493
2584 650634
2585 645525
2586 650666
2587 645557
2588 650698
2589 645589
2590 650730
2591 645621
2592 650762
2593 645653
2594 650794
2595 645685
2596 650826
2597 645717
2598 650858
2601 661141
2602 666282
2603 661173
2604 666314
2605 661205
2606 666346
2607 661237
2608 666378
2609 661269
2610 666410
2611 661301
2612 666442
2613 661333
2614 666474
2615 661365
2616 666506
2617 661397
2618 666538
2619 661429
2620 666570
2621 661461
2622 666602
2623 661493
2624 666634
2625 661525
2626 666666
2627 661557
2628 666698
2629 661589
2630 666730
2631 661621
2632 666762
2633 661653
2634 666794
2635 661685
2636 666826
2637 661717
2638 666858
2639 661749
2640 666890
2641 661781
2642 666922
2643 661813
2644 666954
2645 661845
2646 666986
2647 661877
2648 667018
2649 661909
2650 667050
2651 661941
2652 667082
2653 661973
2654 667114
2655 662005
2656 667146
2657 662037
2658 667178
2659 662069
2660 667210
2661 662101
2662 667242
2663 662133
2666 682666
2667 677557
2668 682698
2669 677589
2670 682730
2671 677621
2672 682762
2673 677653
2674 682794
2675 677685
2676 682826
2677 677717
2678 682858
2679 677749
2680 682890
2681 677781
2682 682922
2683 677813
2684 682954
2685 677845
2686 682986
2687 677877
2688 683018
2689 677909
2690 683050
2691 677941
2692 683082
2693 677973
2694 683114
2695 678005
2696 683146
2697 678037
2698 683178
2699 678069
2700 683210
2701 678101
2702 683242
2703 678133
2704 683274
2705 678165
2706 683306
2707 678197
2708 683338
2709 678229
2710 683370
2711 678261
2712 683402
2713 678293
2714 683434
2715 678325
2716 683466
2717 678357
2718 683498
2719 678389
2720 683530
2721 678421
2722 683562
2723 678453
2724 683594
2725 678485
2726 683626
2727 678517
2728 683658
2731 693941
2732 699082
2733 693973
2734 699114
2735 694005
2736 699146
2737 694037
2738 699178
2739 694069
2740 699210
2741 694101
2742 699242
2743 694133
2744 699274
2745 694165
2746 699306
2747 694197
2748 699338
2749 694229
2750 699370
2751 694261
2752 699402
2753 694293
2754 699434
2755 694325
2756 699466
2757 694357
2758 699498
2759 694389
2760 699530
2761 694421
2762 699562
2763 694453
2764 699594
2765 694485
2766 699626
2767 694517
2768 699658
2769 694549
2770 699690
2771 694581
2772 699722
2773 694613
2774 699754
2775 694645
2776 699786
2777 694677
2778 699818
2779 694709
2780 699850
2781 694741
2782 699882
2783 694773
2784 699914
2785 694805
2786 699946
2787 694837
2788 699978
2789 694869
2790 700010
2791 694901
2792 700042
2793 694933
2796 715466
2797 710357
2798 715498
2799 710389
2800 715530
2801 710421
2802 715562
2803 710453
2804 715594
2805 710485
2806 715626
2807 710517
2808 715658
2809 710549
2810 715690
2811 710581
2812 715722
2813 710613
2814 715754
2815 710645
2816 715786
2817 710677
2818 715818
2819 710709
2820 715850
2821 710741
2822 715882
2823 710773
2824 715914
2825 710805
2826 715946
2827 710837
2828 715978
2829 710869
2830 716010
2831 710901
2832 716042
2833 710933
2834 716074
2835 710965
2836 716106
2837 710997
2838 716138
2839 711029
2840 716170
2841 711061
2842 716202
2843 711093
2844 716234
2845 711125
2846 716266
2847 711157
2848 716298
2849 711189
2850 716330
2851 711221
2852 716362
2853 711253
2854 716394
2855 711285
2856 716426
2857 711317
2858 716458
2861 726741
2862 731882
2863 726773
2864 731914
2865 726805
2866 731946
2867 726837
2868 731978
2869 726869
2870 732010
2871 726901
2872 732042
2873 726933
2874 732074
2875 726965
2876 732106
2877 726997
2878 732138
2879 727029
2880 732170
2881 727061
2882 732202
2883 727093
2884 732234
2885 727125
2886 732266
2887 727157
2888 732298
2889 727189
2890 732330
2891 727221
2892 732362
2893 727253
2894 732394
2895 727285
2896 732426
2897 727317
2898 732458
2899 727349
2900 732490
2901 727381
2902 732522
2903 727413
2904 732554
2905 727445
2906 732586
2907 727477
2908 732618
2909 727509
2910 732650
2911 727541
2912 732682
2913 727573
2914 732714
2915 727605
2916 732746
2917 727637
2918 732778
2919 727669
2920 732810
2921 727701
2922 732842
2923 727733
2926 748266
2927 743157
2928 748298
2929 743189
2930 748330
2931 743221
2932 748362
2933 743253
2934 748394
2935 743285
2936 748426
2937 743317
2938 748458
2939 743349
2940 748490
2941 743381
2942 748522
2943 743413
2944 748554
2945 743445
2946 748586
2947 743477
2948 748618
2949 743509
2950 748650
2951 743541
2952 748682
2953 743573
2954 748714
2955 743605
2956 748746
2957 743637
2958 748778
2959 743669
2960 748810
2961 743701
2962 748842
2963 743733
2964 748874
2965 743765
2966 748906
2967 743797
2968 748938
2969 743829
2970 748970
2971 743861
2972 749002
2973 743893
2974 749034
2975 743925
2976 749066
2977 743957
2978 749098
2979 743989
2980 749130
2981 744021
2982 749162
2983 744053
2984 749194
2985 744085
2986 749226
2987 744117
2988 749258
2991 759541
2992 764682
2993 759573
2994 764714
2995 759605
2996 764746
2997 759637
2998 764778
2999 759669
3000 764810
3001 759701
3002 764842
3003 759733
3004 764874
3005 759765
3006 764906
3007 759797
3008 764938
3009 759829
3010 764970
3011 759861
3012 765002
3013 759893
3014 765034
3015 759925
3016 765066
3017 759957
3018 765098
3019 759989
3020 765130
3021 760021
3022 765162
3023 760053
3024 765194
3025 760085
3026 765226
3027 760117
3028 765258
3029 760149
3030 765290
3031 760181
3032 765322
3033 760213
3034 765354
3035 760245
3036 765386
3037 760277
3038 765418
3039 760309
3040 765450
3041 760341
3042 765482
3043 760373
3044 765514
3045 760405
3046 765546
3047 760437
3048 765578
3049 760469
3050 765610
3051 760501
3052 765642
3053 760533
3056 781066
3057 775957
3058 781098
3059 775989
3060 781130
3061 776021
3062 781162
3063 776053
3064 781194
3065 776085
3066 781226
3067 776117
3068 781258
3069 776149
3070 781290
3071 776181
3072 781322
3073 776213
3074 781354
3075 776245
3076 781386
3077 776277
3078 781418
3079 776309
3080 781450
3081 776341
3082 781482
3083 776373
3084 781514
3085 776405
3086 781546
3087 776437
3088 781578
3089 776469
3090 781610
3091 776501
3092 781642
3093 776533
3094 781674
3095 776565
3096 781706
3097 776597
3098 781738
3099 776629
3100 781770
3101 776661
3102 781802
3103 776693
3104 781834
3105 776725
3106 781866
3107 776757
3108 781898
3109 776789
3110 781930
3111 776821
3112 781962
3113 776853
3114 781994
3115 776885
3116 782026
3117 776917
3118 782058
3121 792341
3122 797482
3123 792373
3124 797514
3125 792405
3126 797546
3127 792437
3128 797578
3129 792469
3130 797610
3131 792501
3132 797642
3133 792533
3134 797674
3135 792565
3136 797706
3137 792597
3138 797738
3139 792629
3140 797770
3141 792661
3142 797802
3143 792693
3144 797834
3145 792725
3146 797866
3147 792757
3148 797898
3149 792789
3150 797930
3151 792821
3152 797962
3153 792853
3154 797994
3155 792885
3156 798026
3157 792917
3158 798058
3159 792949
3160 798090
3161 792981
3162 798122
3163 793013
3164 798154
3165 793045
3166 798186
3167 793077
3168 798218
3169 793109
3170 798250
3171 793141
3172 798282
3173 793173
3174 798314
3175 793205
3176 798346
3177 793237
3178 798378
3179 793269
3180 798410
3181 793301
3182 798442
3183 793333
3186 813866
3187 808757
3188 813898
3189 808789
3190 813930
3191 808821
3192 813962
3193 808853
3194 813994
3195 808885
3196 814026
3197 808917
3198 814058
3199 808949
3200 814090
3201 808981
3202 814122
3203 809013
3204 814154
3205 809045
3206 814186
3207 809077
3208 814218
3209 809109
3210 814250
3211 809141
3212 814282
3213 809173
3214 814314
3215 809205
3216 814346
3217 809237
3218 814378
3219 809269
3220 814410
3221 809301
3222 814442
3223 809333
3224 814474
3225 809365
3226 814506
3227 809397
3228 814538
3229 809429
3230 814570
3231 809461
3232 814602
3233 809493
3234 814634
3235 809525
3236 814666
3237 809557
3238 814698
3239 809589
3240 814730
3241 809621
3242 814762
3243 809653
3244 814794
3245 809685
3246 814826
3247 809717
3248 814858
3251 825141
3252 830282
3253 825173
3254 830314
3255 825205
3256 830346
3257 825237
3258 830378
3259 825269
3260 830410
3261 825301
3262 830442
3263 825333
3264 830474
3265 825365
3266 830506
3267 825397
3268 830538
3269 825429
3270 830570
3271 825461
3272 830602
3273 825493
3274 830634
3275 825525
3276 830666
3277 825557
3278 830698
3279 825589
3280 830730
3281 825621
3282 830762
3283 825653
3284 830794
3285 825685
3286 830826
3287 825717
3288 830858
3289 825749
3290 830890
3291 825781
3292 830922
3293 825813
3294 830954
3295 825845
3296 830986
3297 825877
3298 831018
3299 825909
3300 831050
3301 825941
3302 831082
3303 825973
3304 831114
3305 826005
3306 831146
3307 826037
3308 831178
3309 826069
3310 831210
3311 826101
3312 831242
3313 826133
3316 846666
3317 841557
3318 846698
3319 841589
3320 846730
3321 841621
3322 846762
3323 841653
3324 846794
3325 841685
3326 846826
3327 841717
3328 846858
3329 841749
3330 846890
3331 841781
3332 846922
3333 841813
3334 846954
3335 841845
3336 846986
3337 841877
3338 847018
3339 841909
3340 847050
3341 841941
3342 847082
3343 841973
3344 847114
3345 842005
3346 847146
3347 842037
3348 847178
3349 842069
3350 847210
3351 842101
3352 847242
3353 842133
3354 847274
3355 842165
3356 847306
3357 842197
3358 847338
3359 842229
3360 847370
3361 842261
3362 847402
3363 842293
3364 847434
3365 842325
3366 847466
3367 842357
3368 847498
3369 842389
3370 847530
3371 842421
3372 847562
3373 842453
3374 847594
3375 842485
3376 847626
3377 842517
3378 847658
3381 857941
3382 863082
3383 857973
3384 863114
3385 858005
3386 863146
3387 858037
3388 863178
3389 858069
3390 863210
3391 858101
3392 863242
3393 858133
3394 863274
3395 858165
3396 863306
3397 858197
3398 863338
3399 858229
3400 863370
3401 858261
3402 863402
3403 858293
3404 863434
3405 858325
3406 863466
3407 858357
3408 863498
3409 858389
3410 863530
3411 858421
3412 863562
3413 858453
3414 863594
3415 858485
3416 863626
3417 858517
3418 863658
3419 858549
3420 863690
3421 858581
3422 863722
3423 858613
3424 863754
3425 858645
3426 863786
3427 858677
3428 863818
3429 858709
3430 863850
3431 858741
3432 863882
3433 858773
3434 863914
3435 858805
3436 863946
3437 858837
3438 863978
3439 858869
3440 864010
3441 858901
3442 864042
3443 858933
3446 879466
3447 874357
3448 879498
3449 874389
3450 879530
3451 874421
3452 879562
3453 874453
3454 879594
3455 874485
3456 879626
3457 874517
3458 879658
3459 874549
3460 879690
3461 874581
3462 879722
3463 874613
3464 879754
3465 874645
3466 879786
3467 874677
3468 879818
3469 874709
3470 879850
3471 874741
3472 879882
3473 874773
3474 879914
3475 874805
3476 879946
3477 874837
3478 879978
3479 874869
3480 880010
3481 874901
3482 880042
3483 874933
3484 880074
3485 874965
3486 880106
3487 874997
3488 880138
3489 875029
3490 880170
3491 875061
3492 880202
3493 875093
3494 880234
3495 875125
3496 880266
3497 875157
3498 880298
3499 875189
3500 880330
3501 875221
3502 880362
3503 875253
3504 880394
3505 875285
3506 880426
3507 875317
3508 880458
3511 890741
3512 895882
3513 890773
3514 895914
3515 890805
3516 895946
3517 890837
3518 895978
3519 890869
3520 896010
3521 890901
3522 896042
3523 890933
3524 896074
3525 890965
3526 896106
3527 890997
3528 896138
3529 891029
3530 896170
3531 891061
3532 896202
3533 891093
3534 896234
3535 891125
3536 896266
3537 891157
3538 896298
3539 891189
3540 896330
3541 891221
3542 896362
3543 891253
3544 896394
3545 891285
3546 896426
3547 891317
3548 896458
3549 891349
3550 896490
3551 891381
3552 896522
3553 891413
3554 896554
3555 891445
3556 896586
3557 891477
3558 896618
3559 891509
3560 896650
3561 891541
3562 896682
3563 891573
3564 896714
3565 891605
3566 896746
3567 891637
3568 896778
3569 891669
3570 896810
3571 891701
3572 896842
3573 891733
3576 912266
3577 907157
3578 912298
3579 907189
3580 912330
3581 907221
3582 912362
3583 907253
3584 912394
3585 907285
3586 912426
3587 907317
3588 912458
3589 907349
3590 912490
3591 907381
3592 912522
3593 907413
3594 912554
3595 907445
3596 912586
3597 907477
3598 912618
3599 907509
3600 912650
3601 907541
3602 912682
3603 907573
3604 912714
3605 907605
3606 912746
3607 907637
3608 912778
3609 907669
3610 912810
3611 907701
3612 912842
3613 907733
3614 912874
3615 907765
3616 912906
3617 907797
3618 912938
3619 907829
3620 912970
3621 907861
3622 913002
3623 907893
3624 913034
3625 907925
3626 913066
3627 907957
3628 913098
3629 907989
3630 913130
3631 908021
3632 913162
3633 908053
3634 913194
3635 908085
3636 913226
3637 908117
3638 913258
3641 923541
3642 928682
3643 923573
3644 928714
3645 923605
3646 928746
3647 923637
3648 928778
3649 923669
3650 928810
3651 923701
3652 928842
3653 923733
3654 928874
3655 923765
3656 928906
3657 923797
3658 928938
3659 923829
3660 928970
3661 923861
3662 929002
3663 923893
3664 929034
3665 923925
3666 929066
3667 923957
3668 929098
3669 923989
3670 929130
3671 924021
3672 929162
3673 924053
3674 929194
3675 924085
3676 929226
3677 924117
3678 929258
3679 924149
3680 929290
3681 924181
3682 929322
3683 924213
3684 929354
3685 924245
3686 929386
3687 924277
3688 929418
3689 924309
3690 929450
3691 924341
3692 929482
3693 924373
3694 929514
3695 924405
3696 929546
3697 924437
3698 929578
3699 924469
3700 929610
3701 924501
3702 929642
3703 924533
3706 945066
3707 939957
3708 945098
3709 939989
3710 945130
3711 940021
3712 945162
3713 940053
3714 945194
3715 940085
3716 945226
3717 940117
3718 945258
3719 940149
3720 945290
3721 940181
3722 945322
3723 940213
3724 945354
3725 940245
3726 945386
3727 940277
3728 945418
3729 940309
3730 945450
3731 940341
3732 945482
3733 940373
3734 945514
3735 940405
3736 945546
3737 940437
3738 945578
3739 940469
3740 945610
3741 940501
3742 945642
3743 940533
3744 945674
3745 940565
3746 945706
3747 940597
3748 945738
3749 940629
3750 945770
3751 940661
3752 945802
3753 940693
3754 945834
3755 940725
3756 945866
3757 940757
3758 945898
3759 940789
3760 945930
3761 940821
3762 945962
3763 940853
3764 945994
3765 940885
3766 946026
3767 940917
3768 946058
3771 956341
3772 961482
3773 956373
3774 961514
3775 956405
3776 961546
3777 956437
3778 961578
3779 956469
3780 961610
3781 956501
3782 961642
3783 956533
3784 961674
3785 956565
3786 961706
3787 956597
3788 961738
3789 956629
3790 961770
3791 956661
3792 961802
3793 956693
3794 961834
3795 956725
3796 961866
3797 956757
3798 961898
3799 956789
3800 961930
3801 956821
3802 961962
3803 956853
3804 961994
3805 956885
3806 962026
3807 956917
3808 962058
3809 956949
3810 962090
3811 956981
3812 962122
3813 957013
3814 962154
3815 957045
3816 962186
3817 957077
3818 962218
3819 957109
3820 962250
3821 957141
3822 962282
3823 957173
3824 962314
3825 957205
3826 962346
3827 957237
3828 962378
3829 957269
3830 962410
3831 957301
3832 962442
3833 957333
3836 977866
3837 972757
3838 977898
3839 972789
3840 977930
3841 972821
3842 977962
3843 972853
3844 977994
3845 972885
3846 978026
3847 972917
3848 978058
3849 972949
3850 978090
3851 972981
3852 978122
3853 973013
3854 978154
3855 973045
3856 978186
3857 973077
3858 978218
3859 973109
3860 978250
3861 973141
3862 978282
3863 973173
3864 978314
3865 973205
3866 978346
3867 973237
3868 978378
3869 973269
3870 978410
3871 973301
3872 978442
3873 973333
3874 978474
3875 973365
3876 978506
3877 973397
3878 978538
3879 973429
3880 978570
3881 973461
3882 978602
3883 973493
3884 978634
3885 973525
3886 978666
3887 973557
3888 978698
3889 973589
3890 978730
3891 973621
3892 978762
3893 973653
3894 978794
3895 973685
3896 978826
3897 973717
3898 978858
3901 989141
3902 994282
3903 989173
3904 994314
3905 989205
3906 994346
3907 989237
3908 994378
3909 989269
3910 994410
3911 989301
3912 994442
3913 989333
3914 994474
3915 989365
3916 994506
3917 989397
3918 994538
3919 989429
3920 994570
3921 989461
3922 994602
3923 989493
3924 994634
3925 989525
3926 994666
3927 989557
3928 994698
3929 989589
3930 994730
3931 989621
3932 994762
3933 989653
3934 994794
3935 989685
3936 994826
3937 989717
3938 994858
3939 989749
3940 994890
3941 989781
3942 994922
3943 989813
3944 994954
3945 989845
3946 994986
3947 989877
3948 995018
3949 989909
3950 995050
3951 989941
3952 995082
3953 989973
3954 995114
3955 990005
3956 995146
3957 990037
3958 995178
3959 990069
3960 995210
3961 990101
3962 995242
3963 990133
3966 1010666
3967 1005557
3968 1010698
3969 1005589
3970 1010730
3971 1005621
3972 1010762
3973 1005653
3974 1010794
3975 1005685
3976 1010826
3977 1005717
3978 1010858
3979 1005749
3980 1010890
3981 1005781
3982 1010922
3983 1005813
3984 1010954
3985 1005845
3986 1010986
3987 1005877
3988 1011018
3989 1005909
3990 1011050
3991 1005941
3992 1011082
3993 1005973
3994 1011114
3995 1006005
3996 1011146
3997 1006037
3998 1011178
3999 1006069
4000 1011210
4001 1006101
4002 1011242
4003 1006133
4004 1011274
4005 1006165
4006 1011306
4007 1006197
4008 1011338
4009 1006229
4010 1011370
4011 1006261
4012 1011402
4013 1006293
4014 1011434
4015 1006325
4016 1011466
4017 1006357
4018 1011498
4019 1006389
4020 1011530
4021 1006421
4022 1011562
4023 1006453
4024 1011594
4025 1006485
4026 1011626
4027 1006517
4028 1011658
4031 1021941
4032 1027082
4033 1021973
4034 1027114
4035 1022005
4036 1027146
4037 1022037
4038 1027178
4039 1022069
4040 1027210
4041 1022101
4042 1027242
4043 1022133
4044 1027274
4045 1022165
4046 1027306
4047 1022197
4048 1027338
4049 1022229
4050 1027370
4051 1022261
4052 1027402
4053 1022293
4054 1027434
4055 1022325
4056 1027466
4057 1022357
4058 1027498
4059 1022389
4060 1027530
4061 1022421
4062 1027562
4063 1022453
4064 1027594
4065 1022485
4066 1027626
4067 1022517
4068 1027658
4069 1022549
4070 1027690
4071 1022581
4072 1027722
4073 1022613
4074 1027754
4075 1022645
4076 1027786
4077 1022677
4078 1027818
4079 1022709
4080 1027850
4081 1022741
4082 1027882
4083 1022773
4084 1027914
4085 1022805
4086 1027946
4087 1022837
4088 1027978
4089 1022869
4090 1028010
4091 1022901
4092 1028042
4093 1022933
4096 1043466
4097 1038357
4098 1043498
4099 1038389
4100 1043530
4101 1038421
4102 1043562
4103 1038453
4104 1043594
4105 1038485
4106 1043626
4107 1038517
4108 1043658
4109 1038549
4110 1043690
4111 1038581
4112 1043722
4113 1038613
4114 1043754
4115 1038645
4116 1043786
4117 1038677
4118 1043818
4119 1038709
4120 1043850
4121 1038741
4122 1043882
4123 1038773
4124 1043914
4125 1038805
4126 1043946
4127 1038837
4128 1043978
4129 1038869
4130 1044010
4131 1038901
4132 1044042
4133 1038933
4134 1044074
4135 1038965
4136 1044106
4137 1038997
4138 1044138
4139 1039029
4140 1044170
4141 1039061
4142 1044202
4143 1039093
4144 1044234
4145 1039125
4146 1044266
4147 1039157
4148 1044298
4149 1039189
4150 1044330
4151 1039221
4152 1044362
4153 1039253
4154 1044394
4155 1039285
4156 1044426
4157 1039317
4158 1044458
4161 1054741
4162 1059882
4163 1054773
4164 1059914
4165 1054805
4166 1059946
4167 1054837
4168 1059978
4169 1054869
4170 1060010
4171 1054901
4172 1060042
4173 1054933
4174 1060074
4175 1054965
4176 1060106
4177 1054997
4178 1060138
4179 1055029
4180 1060170
4181 1055061
4182 1060202
4183 1055093
4184 1060234
4185 1055125
4186 1060266
4187 1055157
4188 1060298
4189 1055189
4190 1060330
4191 1055221
4192 1060362
4193 1055253
4194 1060394
4195 1055285
4196 1060426
4197 1055317
4198 1060458
4199 1055349
4200 1060490
4201 1055381
4202 1060522
4203 1055413
4204 1060554
4205 1055445
4206 1060586
4207 1055477
4208 1060618
4209 1055509
4210 1060650
4211 1055541
4212 1060682
4213 1055573
4214 1060714
4215 1055605
4216 1060746
4217 1055637
4218 1060778
4219 1055669
4220 1060810
4221 1055701
4222 1060842
4223 1055733
4226 1076266
4227 1071157
4228 1076298
4229 1071189
4230 1076330
4231 1071221
4232 1076362
4233 1071253
4234 1076394
4235 1071285
4236 1076426
4237 1071317
4238 1076458
4239 1071349
4240 1076490
4241 1071381
4242 1076522
4243 1071413
4244 1076554
4245 1071445
4246 1076586
4247 1071477
4248 1076618
4249 1071509
4250 1076650
4251 1071541
4252 1076682
4253 1071573
4254 1076714
4255 1071605
4256 1076746
4257 1071637
4258 1076778
4259 1071669
4260 1076810
4261 1071701
4262 1076842
4263 1071733
4264 1076874
4265 1071765
4266 1076906
4267 1071797
4268 1076938
4269 1071829
4270 1076970
4271 1071861
4272 1077002
4273 1071893
4274 1077034
4275 1071925
4276 1077066
4277 1071957
4278 1077098
4279 1071989
4280 1077130
4281 1072021
4282 1077162
4283 1072053
4284 1077194
4285 1072085
4286 1077226
4287 1072117
4288 1077258
4291 1087541
4292 1092682
4293 1087573
4294 1092714
4295 1087605
4296 1092746
4297 1087637
4298 1092778
4299 1087669
4300 1092810
4301 1087701
4302 1092842
4303 1087733
4304 1092874
4305 1087765
4306 1092906
4307 1087797
4308 1092938
4309 1087829
4310 1092970
4311 1087861
4312 1093002
4313 1087893
4314 1093034
4315 1087925
4316 1093066
4317 1087957
4318 1093098
4319 1087989
4320 1093130
4321 1088021
4322 1093162
4323 1088053
4324 1093194
4325 1088085
4326 1093226
4327 1088117
4328 1093258
4329 1088149
4330 1093290
4331 1088181
4332 1093322
4333 1088213
4334 1093354
4335 1088245
4336 1093386
4337 1088277
4338 1093418
4339 1088309
4340 1093450
4341 1088341
4342 1093482
4343 1088373
4344 1093514
4345 1088405
4346 1093546
4347 1088437
4348 1093578
4349 1088469
4350 1093610
4351 1088501
4352 1093642
4353 1088533
4356 1109066
4357 1103957
4358 1109098
4359 1103989
4360 1109130
4361 1104021
4362 1109162
4363 1104053
4364 1109194
4365 1104085
4366 1109226
4367 1104117
4368 1109258
4369 1104149
4370 1109290
4371 1104181
4372 1109322
4373 1104213
4374 1109354
4375 1104245
4376 1109386
4377 1104277
4378 1109418
4379 1104309
4380 1109450
4381 1104341
4382 1109482
4383 1104373
4384 1109514
4385 1104405
4386 1109546
4387 1104437
4388 1109578
4389 1104469
4390 1109610
4391 1104501
4392 1109642
4393 1104533
4394 1109674
4395 1104565
4396 1109706
4397 1104597
4398 1109738
4399 1104629
4400 1109770
4401 1104661
4402 1109802
4403 1104693
4404 1109834
4405 1104725
4406 1109866
4407 1104757
4408 1109898
4409 1104789
4410 1109930
4411 1104821
4412 1109962
4413 1104853
4414 1109994
4415 1104885
4416 1110026
4417 1104917
4418 1110058
4421 1120341
4422 1125482
4423 1120373
4424 1125514
4425 1120405
4426 1125546
4427 1120437
4428 1125578
4429 1120469
4430 1125610
4431 1120501
4432 1125642
4433 1120533
4434 1125674
4435 1120565
4436 1125706
4437 1120597
4438 1125738
4439 1120629
4440 1125770
4441 1120661
4442 1125802
4443 1120693
4444 1125834
4445 1120725
4446 1125866
4447 1120757
4448 1125898
4449 1120789
4450 1125930
4451 1120821
4452 1125962
4453 1120853
4454 1125994
4455 1120885
4456 1126026
4457 1120917
4458 1126058
4459 1120949
4460 1126090
4461 1120981
4462 1126122
4463 1121013
4464 1126154
4465 1121045
4466 1126186
4467 1121077
4468 1126218
4469 1121109
4470 1126250
4471 1121141
4472 1126282
4473 1121173
4474 1126314
4475 1121205
4476 1126346
4477 1121237
4478 1126378
4479 1121269
4480 1126410
4481 1121301
4482 1126442
4483 1121333
4486 1141866
4487 1136757
4488 1141898
4489 1136789
4490 1141930
4491 1136821
4492 1141962
4493 1136853
4494 1141994
4495 1136885
4496 1142026
4497 1136917
4498 1142058
4499 1136949
4500 1142090
4501 1136981
4502 1142122
4503 1137013
4504 1142154
4505 1137045
4506 1142186
4507 1137077
4508 1142218
4509 1137109
4510 1142250
4511 1137141
4512 1142282
4513 1137173
4514 1142314
4515 1137205
4516 1142346
4517 1137237
4518 1142378
4519 1137269
4520 1142410
4521 1137301
4522 1142442
4523 1137333
4524 1142474
4525 1137365
4526 1142506
4527 1137397
4528 1142538
4529 1137429
4530 1142570
4531 1137461
4532 1142602
4533 1137493
4534 1142634
4535 1137525
4536 1142666
4537 1137557
4538 1142698
4539 1137589
4540 1142730
4541 1137621
4542 1142762
4543 1137653
4544 1142794
4545 1137685
4546 1142826
4547 1137717
4548 1142858
4551 1153141
4552 1158282
4553 1153173
4554 1158314
4555 1153205
4556 1158346
4557 1153237
4558 1158378
4559 1153269
4560 1158410
4561 1153301
4562 1158442
4563 1153333
4564 1158474
4565 1153365
4566 1158506
4567 1153397
4568 1158538
4569 1153429
4570 1158570
4571 1153461
4572 1158602
4573 1153493
4574 1158634
4575 1153525
4576 1158666
4577 1153557
4578 1158698
4579 1153589
4580 1158730
4581 1153621
4582 1158762
4583 1153653
4584 1158794
4585 1153685
4586 1158826
4587 1153717
4588 1158858
4589 1153749
4590 1158890
4591 1153781
4592 1158922
4593 1153813
4594 1158954
4595 1153845
4596 1158986
4597 1153877
4598 1159018
4599 1153909
4600 1159050
4601 1153941
4602 1159082
4603 1153973
4604 1159114
4605 1154005
4606 1159146
4607 1154037
4608 1159178
4609 1154069
4610 1159210
4611 1154101
4612 1159242
4613 1154133
4616 1174666
4617 1169557
4618 1174698
4619 1169589
4620 1174730
4621 1169621
4622 1174762
4623 1169653
4624 1174794
4625 1169685
4626 1174826
4627 1169717
4628 1174858
4629 1169749
4630 1174890
4631 1169781
4632 1174922
4633 1169813
4634 1174954
4635 1169845
4636 1174986
4637 1169877
4638 1175018
4639 1169909
4640 1175050
4641 1169941
4642 1175082
4643 1169973
4644 1175114
4645 1170005
4646 1175146
4647 1170037
4648 1175178
4649 1170069
4650 1175210
4651 1170101
4652 1175242
4653 1170133
4654 1175274
4655 1170165
4656 1175306
4657 1170197
4658 1175338
4659 1170229
4660 1175370
4661 1170261
4662 1175402
4663 1170293
4664 1175434
4665 1170325
4666 1175466
4667 1170357
4668 1175498
4669 1170389
4670 1175530
4671 1170421
4672 1175562
4673 1170453
4674 1175594
4675 1170485
4676 1175626
4677 1170517
4678 1175658
