# 3124 3
1063062 1 1
1063063 3 1
1063064 5 1
1063065 7 1
1063066 9 1
1063067 11 1
1063068 13 1
1063069 15 1
1063070 17 1
1063071 19 1
1063072 21 1
1063073 23 1
1063074 25 1
1063075 27 1
1063076 29 1
1063077 31 1
1063078 33 1
1063079 35 1
1063080 37 1
1063081 39 1
1063082 41 1
1063083 43 1
1063084 45 1
1063085 47 1
1063086 49 1
1063087 51 1
1063088 53 1
1063089 55 1
1063090 57 1
1063091 59 1
1063092 61 1
1063093 63 1
1063094 65 1
1063095 67 1
1063096 69 1
1063097 71 1
1063098 73 1
1063099 75 1
1063100 77 1
1063101 79 1
1063102 81 1
1063103 83 1
1063104 85 1
1063105 87 1
1063106 89 1
1063107 91 1
1063108 93 1
1063109 95 1
1063110 97 1
1063111 99 1
1063112 101 1
1063113 103 1
1063114 105 1
1063115 107 1
1063116 109 1
1063117 111 1
1063118 113 1
1063119 115 1
1063120 117 1
1063121 119 1
1063122 121 1
1063123 123 1
1063124 125 1
1063125 127 1
1063126 129 1
1063127 131 1
1063128 133 1
1063129 135 1
1063130 137 1
1063131 139 1
1063132 141 1
1063133 143 1
1063134 145 1
1063135 147 1
1063136 149 1
1063137 151 1
1063138 153 1
1063139 155 1
1063140 157 1
1063141 159 1
1063142 161 1
1063143 163 1
1063144 165 1
1063145 167 1
1063146 169 1
1063147 171 1
1063148 173 1
1063149 175 1
1063150 177 1
1063151 179 1
1063152 181 1
1063153 183 1
1063154 185 1
1063155 187 1
1063156 189 1
1063157 191 1
1063158 193 1
1063159 195 1
1063160 197 1
1063161 199 1
1063162 201 1
1063163 203 1
1063164 205 1
1063165 207 1
1063166 209 1
1063167 211 1
1063168 213 1
1063169 215 1
1063170 217 1
1063171 219 1
1063172 221 1
1063173 223 1
1063174 225 1
1063175 227 1
1063176 229 1
1063177 231 1
1063178 233 1
1063179 235 1
1063180 237 1
1063181 239 1
1063182 241 1
1063183 243 1
1063184 245 1
1063185 247 1
1063186 249 1
1063187 251 1
1063188 253 1
1063189 255 1
1063190 257 1
1063191 259 1
1063192 261 1
1063193 263 1
1063194 265 1
1063195 267 1
1063196 269 1
1063197 271 1
1063198 273 1
1063199 275 1
1063200 277 1
1063201 279 1
1063202 281 1
1063203 283 1
1063204 285 1
1063205 287 1
1063206 289 1
1063207 291 1
1063208 293 1
1063209 295 1
1063210 297 1
1063211 299 1
1063212 301 1
1063213 303 1
1063214 305 1
1063215 307 1
1063216 309 1
1063217 311 1
1063218 313 1
1063219 315 1
1063220 317 1
1063221 319 1
1063222 321 1
1063223 323 1
1063224 325 1
1063225 327 1
1063226 329 1
1063227 331 1
1063228 333 1
1063229 335 1
1063230 337 1
1063231 339 1
1063232 341 1
1063233 343 1
1063234 345 1
1063235 347 1
1063236 349 1
1063237 351 1
1063238 353 1
1063239 355 1
1063240 357 1
1063241 359 1
1063242 361 1
1063243 363 1
1063244 365 1
1063245 367 1
1063246 369 1
1063247 371 1
1063248 373 1
1063249 375 1
1063250 377 1
1063251 379 1
1063252 381 1
1063253 383 1
1063254 385 1
1063255 387 1
1063256 389 1
1063257 391 1
1063258 393 1
1063259 395 1
1063260 397 1
1063261 399 1
1063262 401 1
1063263 403 1
1063264 405 1
1063265 407 1
1063266 409 1
1063267 411 1
1063268 413 1
1063269 415 1
1063270 417 1
1063271 419 1
1063272 421 1
1063273 423 1
1063274 425 1
1063275 427 1
1063276 429 1
1063277 431 1
1063278 433 1
1063279 435 1
1063280 437 1
1063281 439 1
1063282 441 1
1063283 443 1
1063284 445 1
1063285 447 1
1063286 449 1
1063287 451 1
1063288 453 1
1063289 455 1
1063290 457 1
1063291 459 1
1063292 461 1
1063293 463 1
1063294 465 1
1063295 467 1
1063296 469 1
1063297 471 1
1063298 473 1
1063299 475 1
1063300 477 1
1063301 479 1
1063302 481 1
1063303 483 1
1063304 485 1
1063305 487 1
1063306 489 1
1063307 491 1
1063308 493 1
1063309 495 1
1063310 497 1
1063311 499 1
1063312 501 1
1063313 503 1
1063314 505 1
1063315 507 1
1063316 509 1
1063317 511 1
1063318 513 1
1063319 515 1
1063320 517 1
1063321 519 1
1063322 521 1
1063323 523 1
1063324 525 1
1063325 527 1
1063326 529 1
1063327 531 1
1063328 533 1
1063329 535 1
1063330 537 1
1063331 539 1
1063332 541 1
1063333 543 1
1063334 545 1
1063335 547 1
1063336 549 1
1063337 551 1
1063338 553 1
1063339 555 1
1063340 557 1
1063341 559 1
1063342 561 1
1063343 563 1
1063344 565 1
1063345 567 1
1063346 569 1
1063347 571 1
1063348 573 1
1063349 575 1
1063350 577 1
1063351 579 1
1063352 581 1
1063353 583 1
1063354 585 1
1063355 587 1
1063356 589 1
1063357 591 1
1063358 593 1
1063359 595 1
1063360 597 1
1063361 599 1
1063362 601 1
1063363 603 1
1063364 605 1
1063365 607 1
1063366 609 1
1063367 611 1
1063368 613 1
1063369 615 1
1063370 617 1
1063371 619 1
1063372 621 1
1063373 623 1
1063374 625 1
1063375 627 1
1063376 629 1
1063377 631 1
1063378 633 1
1063379 635 1
1063380 637 1
1063381 639 1
1063382 641 1
1063383 643 1
1063384 645 1
1063385 647 1
1063386 649 1
1063387 651 1
1063388 653 1
1063389 655 1
1063390 657 1
1063391 659 1
1063392 661 1
1063393 663 1
1063394 665 1
1063395 667 1
1063396 669 1
1063397 671 1
1063398 673 1
1063399 675 1
1063400 677 1
1063401 679 1
1063402 681 1
1063403 683 1
1063404 685 1
1063405 687 1
1063406 689 1
1063407 691 1
1063408 693 1
1063409 695 1
1063410 697 1
1063411 699 1
1063412 701 1
1063413 703 1
1063414 705 1
1063415 707 1
1063416 709 1
1063417 711 1
1063418 713 1
1063419 715 1
1063420 717 1
1063421 719 1
1063422 721 1
1063423 723 1
1063424 725 1
1063425 727 1
1063426 729 1
1063427 731 1
1063428 733 1
1063429 735 1
1063430 737 1
1063431 739 1
1063432 741 1
1063433 743 1
1063434 745 1
1063435 747 1
1063436 749 1
1063437 751 1
1063438 753 1
1063439 755 1
1063440 757 1
1063441 759 1
1063442 761 1
1063443 763 1
1063444 765 1
1063445 767 1
1063446 769 1
1063447 771 1
1063448 773 1
1063449 775 1
1063450 777 1
1063451 779 1
1063452 781 1
1063453 783 1
1063454 785 1
1063455 787 1
1063456 789 1
1063457 791 1
1063458 793 1
1063459 795 1
1063460 797 1
1063461 799 1
1063462 801 1
1063463 803 1
1063464 805 1
1063465 807 1
1063466 809 1
1063467 811 1
1063468 813 1
1063469 815 1
1063470 817 1
1063471 819 1
1063472 821 1
1063473 823 1
1063474 825 1
1063475 827 1
1063476 829 1
1063477 831 1
1063478 833 1
1063479 835 1
1063480 837 1
1063481 839 1
1063482 841 1
1063483 843 1
1063484 845 1
1063485 847 1
1063486 849 1
1063487 851 1
1063488 853 1
1063489 855 1
1063490 857 1
1063491 859 1
1063492 861 1
1063493 863 1
1063494 865 1
1063495 867 1
1063496 869 1
1063497 871 1
1063498 873 1
1063499 875 1
1063500 877 1
1063501 879 1
1063502 881 1
1063503 883 1
1063504 885 1
1063505 887 1
1063506 889 1
1063507 891 1
1063508 893 1
1063509 895 1
1063510 897 1
1063511 899 1
1063512 901 1
1063513 903 1
1063514 905 1
1063515 907 1
1063516 909 1
1063517 911 1
1063518 913 1
1063519 915 1
1063520 917 1
1063521 919 1
1063522 921 1
1063523 923 1
1063524 925 1
1063525 927 1
1063526 929 1
1063527 931 1
1063528 933 1
1063529 935 1
1063530 937 1
1063531 939 1
1063532 941 1
1063533 943 1
1063534 945 1
1063535 947 1
1063536 949 1
1063537 951 1
1063538 953 1
1063539 955 1
1063540 957 1
1063541 959 1
1063542 961 1
1063543 963 1
1063544 965 1
1063545 967 1
1063546 969 1
1063547 971 1
1063548 973 1
1063549 975 1
1063550 977 1
1063551 979 1
1063552 981 1
1063553 983 1
1063554 985 1
1063555 987 1
1063556 989 1
1063557 991 1
1063558 993 1
1063559 995 1
1063560 997 1
1063561 999 1
1063562 1062062 1
1063563 1062064 1
1063564 1062066 1
1063565 1062068 1
1063566 1062070 1
1063567 1062072 1
1063568 1062074 1
1063569 1062076 1
1063570 1062078 1
1063571 1062080 1
1063572 1062082 1
1063573 1062084 1
1063574 1062086 1
1063575 1062088 1
1063576 1062090 1
1063577 1062092 1
1063578 1062094 1
1063579 1062096 1
1063580 1062098 1
1063581 1062100 1
1063582 1062102 1
1063583 1062104 1
1063584 1062106 1
1063585 1062108 1
1063586 1062110 1
1063587 1062112 1
1063588 1062114 1
1063589 1062116 1
1063590 1062118 1
1063591 1062120 1
1063592 1062122 1
1063593 1062124 1
1063594 1062126 1
1063595 1062128 1
1063596 1062130 1
1063597 1062132 1
1063598 1062134 1
1063599 1062136 1
1063600 1062138 1
1063601 1062140 1
1063602 1062142 1
1063603 1062144 1
1063604 1062146 1
1063605 1062148 1
1063606 1062150 1
1063607 1062152 1
1063608 1062154 1
1063609 1062156 1
1063610 1062158 1
1063611 1062160 1
1063612 1062162 1
1063613 1062164 1
1063614 1062166 1
1063615 1062168 1
1063616 1062170 1
1063617 1062172 1
1063618 1062174 1
1063619 1062176 1
1063620 1062178 1
1063621 1062180 1
1063622 1062182 1
1063623 1062184 1
1063624 1062186 1
1063625 1062188 1
1063626 1062190 1
1063627 1062192 1
1063628 1062194 1
1063629 1062196 1
1063630 1062198 1
1063631 1062200 1
1063632 1062202 1
1063633 1062204 1
1063634 1062206 1
1063635 1062208 1
1063636 1062210 1
1063637 1062212 1
1063638 1062214 1
1063639 1062216 1
1063640 1062218 1
1063641 1062220 1
1063642 1062222 1
1063643 1062224 1
1063644 1062226 1
1063645 1062228 1
1063646 1062230 1
1063647 1062232 1
1063648 1062234 1
1063649 1062236 1
1063650 1062238 1
1063651 1062240 1
1063652 1062242 1
1063653 1062244 1
1063654 1062246 1
1063655 1062248 1
1063656 1062250 1
1063657 1062252 1
1063658 1062254 1
1063659 1062256 1
1063660 1062258 1
1063661 1062260 1
1063662 1062262 1
1063663 1062264 1
1063664 1062266 1
1063665 1062268 1
1063666 1062270 1
1063667 1062272 1
1063668 1062274 1
1063669 1062276 1
1063670 1062278 1
1063671 1062280 1
1063672 1062282 1
1063673 1062284 1
1063674 1062286 1
1063675 1062288 1
1063676 1062290 1
1063677 1062292 1
1063678 1062294 1
1063679 1062296 1
1063680 1062298 1
1063681 1062300 1
1063682 1062302 1
1063683 1062304 1
1063684 1062306 1
1063685 1062308 1
1063686 1062310 1
1063687 1062312 1
1063688 1062314 1
1063689 1062316 1
1063690 1062318 1
1063691 1062320 1
1063692 1062322 1
1063693 1062324 1
1063694 1062326 1
1063695 1062328 1
1063696 1062330 1
1063697 1062332 1
1063698 1062334 1
1063699 1062336 1
1063700 1062338 1
1063701 1062340 1
1063702 1062342 1
1063703 1062344 1
1063704 1062346 1
1063705 1062348 1
1063706 1062350 1
1063707 1062352 1
1063708 1062354 1
1063709 1062356 1
1063710 1062358 1
1063711 1062360 1
1063712 1062362 1
1063713 1062364 1
1063714 1062366 1
1063715 1062368 1
1063716 1062370 1
1063717 1062372 1
1063718 1062374 1
1063719 1062376 1
1063720 1062378 1
1063721 1062380 1
1063722 1062382 1
1063723 1062384 1
1063724 1062386 1
1063725 1062388 1
1063726 1062390 1
1063727 1062392 1
1063728 1062394 1
1063729 1062396 1
1063730 1062398 1
1063731 1062400 1
1063732 1062402 1
1063733 1062404 1
1063734 1062406 1
1063735 1062408 1
1063736 1062410 1
1063737 1062412 1
1063738 1062414 1
1063739 1062416 1
1063740 1062418 1
1063741 1062420 1
1063742 1062422 1
1063743 1062424 1
1063744 1062426 1
1063745 1062428 1
1063746 1062430 1
1063747 1062432 1
1063748 1062434 1
1063749 1062436 1
1063750 1062438 1
1063751 1062440 1
1063752 1062442 1
1063753 1062444 1
1063754 1062446 1
1063755 1062448 1
1063756 1062450 1
1063757 1062452 1
1063758 1062454 1
1063759 1062456 1
1063760 1062458 1
1063761 1062460 1
1063762 1062462 1
1063763 1062464 1
1063764 1062466 1
1063765 1062468 1
1063766 1062470 1
1063767 1062472 1
1063768 1062474 1
1063769 1062476 1
1063770 1062478 1
1063771 1062480 1
1063772 1062482 1
1063773 1062484 1
1063774 1062486 1
1063775 1062488 1
1063776 1062490 1
1063777 1062492 1
1063778 1062494 1
1063779 1062496 1
1063780 1062498 1
1063781 1062500 1
1063782 1062502 1
1063783 1062504 1
1063784 1062506 1
1063785 1062508 1
1063786 1062510 1
1063787 1062512 1
1063788 1062514 1
1063789 1062516 1
1063790 1062518 1
1063791 1062520 1
1063792 1062522 1
1063793 1062524 1
1063794 1062526 1
1063795 1062528 1
1063796 1062530 1
1063797 1062532 1
1063798 1062534 1
1063799 1062536 1
1063800 1062538 1
1063801 1062540 1
1063802 1062542 1
1063803 1062544 1
1063804 1062546 1
1063805 1062548 1
1063806 1062550 1
1063807 1062552 1
1063808 1062554 1
1063809 1062556 1
1063810 1062558 1
1063811 1062560 1
1063812 1062562 1
1063813 1062564 1
1063814 1062566 1
1063815 1062568 1
1063816 1062570 1
1063817 1062572 1
1063818 1062574 1
1063819 1062576 1
1063820 1062578 1
1063821 1062580 1
1063822 1062582 1
1063823 1062584 1
1063824 1062586 1
1063825 1062588 1
1063826 1062590 1
1063827 1062592 1
1063828 1062594 1
1063829 1062596 1
1063830 1062598 1
1063831 1062600 1
1063832 1062602 1
1063833 1062604 1
1063834 1062606 1
1063835 1062608 1
1063836 1062610 1
1063837 1062612 1
1063838 1062614 1
1063839 1062616 1
1063840 1062618 1
1063841 1062620 1
1063842 1062622 1
1063843 1062624 1
1063844 1062626 1
1063845 1062628 1
1063846 1062630 1
1063847 1062632 1
1063848 1062634 1
1063849 1062636 1
1063850 1062638 1
1063851 1062640 1
1063852 1062642 1
1063853 1062644 1
1063854 1062646 1
1063855 1062648 1
1063856 1062650 1
1063857 1062652 1
1063858 1062654 1
1063859 1062656 1
1063860 1062658 1
1063861 1062660 1
1063862 1062662 1
1063863 1062664 1
1063864 1062666 1
1063865 1062668 1
1063866 1062670 1
1063867 1062672 1
1063868 1062674 1
1063869 1062676 1
1063870 1062678 1
1063871 1062680 1
1063872 1062682 1
1063873 1062684 1
1063874 1062686 1
1063875 1062688 1
1063876 1062690 1
1063877 1062692 1
1063878 1062694 1
1063879 1062696 1
1063880 1062698 1
1063881 1062700 1
1063882 1062702 1
1063883 1062704 1
1063884 1062706 1
1063885 1062708 1
1063886 1062710 1
1063887 1062712 1
1063888 1062714 1
1063889 1062716 1
1063890 1062718 1
1063891 1062720 1
1063892 1062722 1
1063893 1062724 1
1063894 1062726 1
1063895 1062728 1
1063896 1062730 1
1063897 1062732 1
1063898 1062734 1
1063899 1062736 1
1063900 1062738 1
1063901 1062740 1
1063902 1062742 1
1063903 1062744 1
1063904 1062746 1
1063905 1062748 1
1063906 1062750 1
1063907 1062752 1
1063908 1062754 1
1063909 1062756 1
1063910 1062758 1
1063911 1062760 1
1063912 1062762 1
1063913 1062764 1
1063914 1062766 1
1063915 1062768 1
1063916 1062770 1
1063917 1062772 1
1063918 1062774 1
1063919 1062776 1
1063920 1062778 1
1063921 1062780 1
1063922 1062782 1
1063923 1062784 1
1063924 1062786 1
1063925 1062788 1
1063926 1062790 1
1063927 1062792 1
1063928 1062794 1
1063929 1062796 1
1063930 1062798 1
1063931 1062800 1
1063932 1062802 1
1063933 1062804 1
1063934 1062806 1
1063935 1062808 1
1063936 1062810 1
1063937 1062812 1
1063938 1062814 1
1063939 1062816 1
1063940 1062818 1
1063941 1062820 1
1063942 1062822 1
1063943 1062824 1
1063944 1062826 1
1063945 1062828 1
1063946 1062830 1
1063947 1062832 1
1063948 1062834 1
1063949 1062836 1
1063950 1062838 1
1063951 1062840 1
1063952 1062842 1
1063953 1062844 1
1063954 1062846 1
1063955 1062848 1
1063956 1062850 1
1063957 1062852 1
1063958 1062854 1
1063959 1062856 1
1063960 1062858 1
1063961 1062860 1
1063962 1062862 1
1063963 1062864 1
1063964 1062866 1
1063965 1062868 1
1063966 1062870 1
1063967 1062872 1
1063968 1062874 1
1063969 1062876 1
1063970 1062878 1
1063971 1062880 1
1063972 1062882 1
1063973 1062884 1
1063974 1062886 1
1063975 1062888 1
1063976 1062890 1
1063977 1062892 1
1063978 1062894 1
1063979 1062896 1
1063980 1062898 1
1063981 1062900 1
1063982 1062902 1
1063983 1062904 1
1063984 1062906 1
1063985 1062908 1
1063986 1062910 1
1063987 1062912 1
1063988 1062914 1
1063989 1062916 1
1063990 1062918 1
1063991 1062920 1
1063992 1062922 1
1063993 1062924 1
1063994 1062926 1
1063995 1062928 1
1063996 1062930 1
1063997 1062932 1
1063998 1062934 1
1063999 1062936 1
1064000 1062938 1
1064001 1062940 1
1064002 1062942 1
1064003 1062944 1
1064004 1062946 1
1064005 1062948 1
1064006 1062950 1
1064007 1062952 1
1064008 1062954 1
1064009 1062956 1
1064010 1062958 1
1064011 1062960 1
1064012 1062962 1
1064013 1062964 1
1064014 1062966 1
1064015 1062968 1
1064016 1062970 1
1064017 1062972 1
1064018 1062974 1
1064019 1062976 1
1064020 1062978 1
1064021 1062980 1
1064022 1062982 1
1064023 1062984 1
1064024 1062986 1
1064025 1062988 1
1064026 1062990 1
1064027 1062992 1
1064028 1062994 1
1064029 1062996 1
1064030 1062998 1
1064031 1063000 1
1064032 1063002 1
1064033 1063004 1
1064034 1063006 1
1064035 1063008 1
1064036 1063010 1
1064037 1063012 1
1064038 1063014 1
1064039 1063016 1
1064040 1063018 1
1064041 1063020 1
1064042 1063022 1
1064043 1063024 1
1064044 1063026 1
1064045 1063028 1
1064046 1063030 1
1064047 1063032 1
1064048 1063034 1
1064049 1063036 1
1064050 1063038 1
1064051 1063040 1
1064052 1063042 1
1064053 1063044 1
1064054 1063046 1
1064055 1063048 1
1064056 1063050 1
1064057 1063052 1
1064058 1063054 1
1064059 1063056 1
1064060 1063058 1
1064061 1063060 1
1064062 1000 1
1064063 2001 1
1064064 3002 1
1064065 4003 1
1064066 5004 1
1064067 6005 1
1064068 7006 1
1064069 8007 1
1064070 9008 1
1064071 10009 1
1064072 11010 1
1064073 12011 1
1064074 13012 1
1064075 14013 1
1064076 15014 1
1064077 16015 1
1064078 17016 1
1064079 18017 1
1064080 19018 1
1064081 20019 1
1064082 21020 1
1064083 22021 1
1064084 23022 1
1064085 24023 1
1064086 25024 1
1064087 26025 1
1064088 27026 1
1064089 28027 1
1064090 29028 1
1064091 30029 1
1064092 31030 1
1064093 32031 1
1064094 33032 1
1064095 34033 1
1064096 35034 1
1064097 36035 1
1064098 37036 1
1064099 38037 1
1064100 39038 1
1064101 40039 1
1064102 41040 1
1064103 42041 1
1064104 43042 1
1064105 44043 1
1064106 45044 1
1064107 46045 1
1064108 47046 1
1064109 48047 1
1064110 49048 1
1064111 50049 1
1064112 51050 1
1064113 52051 1
1064114 53052 1
1064115 54053 1
1064116 55054 1
1064117 56055 1
1064118 57056 1
1064119 58057 1
1064120 59058 1
1064121 60059 1
1064122 61060 1
1064123 62061 1
1064124 63062 1
1064125 64063 1
1064126 65064 1
1064127 66065 1
1064128 67066 1
1064129 68067 1
1064130 69068 1
1064131 70069 1
1064132 71070 1
1064133 72071 1
1064134 73072 1
1064135 74073 1
1064136 75074 1
1064137 76075 1
1064138 77076 1
1064139 78077 1
1064140 79078 1
1064141 80079 1
1064142 81080 1
1064143 82081 1
1064144 83082 1
1064145 84083 1
1064146 85084 1
1064147 86085 1
1064148 87086 1
1064149 88087 1
1064150 89088 1
1064151 90089 1
1064152 91090 1
1064153 92091 1
1064154 93092 1
1064155 94093 1
1064156 95094 1
1064157 96095 1
1064158 97096 1
1064159 98097 1
1064160 99098 1
1064161 100099 1
1064162 101100 1
1064163 102101 1
1064164 103102 1
1064165 104103 1
1064166 105104 1
1064167 106105 1
1064168 107106 1
1064169 108107 1
1064170 109108 1
1064171 110109 1
1064172 111110 1
1064173 112111 1
1064174 113112 1
1064175 114113 1
1064176 115114 1
1064177 116115 1
1064178 117116 1
1064179 118117 1
1064180 119118 1
1064181 120119 1
1064182 121120 1
1064183 122121 1
1064184 123122 1
1064185 124123 1
1064186 125124 1
1064187 126125 1
1064188 127126 1
1064189 128127 1
1064190 129128 1
1064191 130129 1
1064192 131130 1
1064193 132131 1
1064194 133132 1
1064195 134133 1
1064196 135134 1
1064197 136135 1
1064198 137136 1
1064199 138137 1
1064200 139138 1
1064201 140139 1
1064202 141140 1
1064203 142141 1
1064204 143142 1
1064205 144143 1
1064206 145144 1
1064207 146145 1
1064208 147146 1
1064209 148147 1
1064210 149148 1
1064211 150149 1
1064212 151150 1
1064213 152151 1
1064214 153152 1
1064215 154153 1
1064216 155154 1
1064217 156155 1
1064218 157156 1
1064219 158157 1
1064220 159158 1
1064221 160159 1
1064222 161160 1
1064223 162161 1
1064224 163162 1
1064225 164163 1
1064226 165164 1
1064227 166165 1
1064228 167166 1
1064229 168167 1
1064230 169168 1
1064231 170169 1
1064232 171170 1
1064233 172171 1
1064234 173172 1
1064235 174173 1
1064236 175174 1
1064237 176175 1
1064238 177176 1
1064239 178177 1
1064240 179178 1
1064241 180179 1
1064242 181180 1
1064243 182181 1
1064244 183182 1
1064245 184183 1
1064246 185184 1
1064247 186185 1
1064248 187186 1
1064249 188187 1
1064250 189188 1
1064251 190189 1
1064252 191190 1
1064253 192191 1
1064254 193192 1
1064255 194193 1
1064256 195194 1
1064257 196195 1
1064258 197196 1
1064259 198197 1
1064260 199198 1
1064261 200199 1
1064262 201200 1
1064263 202201 1
1064264 203202 1
1064265 204203 1
1064266 205204 1
1064267 206205 1
1064268 207206 1
1064269 208207 1
1064270 209208 1
1064271 210209 1
1064272 211210 1
1064273 212211 1
1064274 213212 1
1064275 214213 1
1064276 215214 1
1064277 216215 1
1064278 217216 1
1064279 218217 1
1064280 219218 1
1064281 220219 1
1064282 221220 1
1064283 222221 1
1064284 223222 1
1064285 224223 1
1064286 225224 1
1064287 226225 1
1064288 227226 1
1064289 228227 1
1064290 229228 1
1064291 230229 1
1064292 231230 1
1064293 232231 1
1064294 233232 1
1064295 234233 1
1064296 235234 1
1064297 236235 1
1064298 237236 1
1064299 238237 1
1064300 239238 1
1064301 240239 1
1064302 241240 1
1064303 242241 1
1064304 243242 1
1064305 244243 1
1064306 245244 1
1064307 246245 1
1064308 247246 1
1064309 248247 1
1064310 249248 1
1064311 250249 1
1064312 251250 1
1064313 252251 1
1064314 253252 1
1064315 254253 1
1064316 255254 1
1064317 256255 1
1064318 257256 1
1064319 258257 1
1064320 259258 1
1064321 260259 1
1064322 261260 1
1064323 262261 1
1064324 263262 1
1064325 264263 1
1064326 265264 1
1064327 266265 1
1064328 267266 1
1064329 268267 1
1064330 269268 1
1064331 270269 1
1064332 271270 1
1064333 272271 1
1064334 273272 1
1064335 274273 1
1064336 275274 1
1064337 276275 1
1064338 277276 1
1064339 278277 1
1064340 279278 1
1064341 280279 1
1064342 281280 1
1064343 282281 1
1064344 283282 1
1064345 284283 1
1064346 285284 1
1064347 286285 1
1064348 287286 1
1064349 288287 1
1064350 289288 1
1064351 290289 1
1064352 291290 1
1064353 292291 1
1064354 293292 1
1064355 294293 1
1064356 295294 1
1064357 296295 1
1064358 297296 1
1064359 298297 1
1064360 299298 1
1064361 300299 1
1064362 301300 1
1064363 302301 1
1064364 303302 1
1064365 304303 1
1064366 305304 1
1064367 306305 1
1064368 307306 1
1064369 308307 1
1064370 309308 1
1064371 310309 1
1064372 311310 1
1064373 312311 1
1064374 313312 1
1064375 314313 1
1064376 315314 1
1064377 316315 1
1064378 317316 1
1064379 318317 1
1064380 319318 1
1064381 320319 1
1064382 321320 1
1064383 322321 1
1064384 323322 1
1064385 324323 1
1064386 325324 1
1064387 326325 1
1064388 327326 1
1064389 328327 1
1064390 329328 1
1064391 330329 1
1064392 331330 1
1064393 332331 1
1064394 333332 1
1064395 334333 1
1064396 335334 1
1064397 336335 1
1064398 337336 1
1064399 338337 1
1064400 339338 1
1064401 340339 1
1064402 341340 1
1064403 342341 1
1064404 343342 1
1064405 344343 1
1064406 345344 1
1064407 346345 1
1064408 347346 1
1064409 348347 1
1064410 349348 1
1064411 350349 1
1064412 351350 1
1064413 352351 1
1064414 353352 1
1064415 354353 1
1064416 355354 1
1064417 356355 1
1064418 357356 1
1064419 358357 1
1064420 359358 1
1064421 360359 1
1064422 361360 1
1064423 362361 1
1064424 363362 1
1064425 364363 1
1064426 365364 1
1064427 366365 1
1064428 367366 1
1064429 368367 1
1064430 369368 1
1064431 370369 1
1064432 371370 1
1064433 372371 1
1064434 373372 1
1064435 374373 1
1064436 375374 1
1064437 376375 1
1064438 377376 1
1064439 378377 1
1064440 379378 1
1064441 380379 1
1064442 381380 1
1064443 382381 1
1064444 383382 1
1064445 384383 1
1064446 385384 1
1064447 386385 1
1064448 387386 1
1064449 388387 1
1064450 389388 1
1064451 390389 1
1064452 391390 1
1064453 392391 1
1064454 393392 1
1064455 394393 1
1064456 395394 1
1064457 396395 1
1064458 397396 1
1064459 398397 1
1064460 399398 1
1064461 400399 1
1064462 401400 1
1064463 402401 1
1064464 403402 1
1064465 404403 1
1064466 405404 1
1064467 406405 1
1064468 407406 1
1064469 408407 1
1064470 409408 1
1064471 410409 1
1064472 411410 1
1064473 412411 1
1064474 413412 1
1064475 414413 1
1064476 415414 1
1064477 416415 1
1064478 417416 1
1064479 418417 1
1064480 419418 1
1064481 420419 1
1064482 421420 1
1064483 422421 1
1064484 423422 1
1064485 424423 1
1064486 425424 1
1064487 426425 1
1064488 427426 1
1064489 428427 1
1064490 429428 1
1064491 430429 1
1064492 431430 1
1064493 432431 1
1064494 433432 1
1064495 434433 1
1064496 435434 1
1064497 436435 1
1064498 437436 1
1064499 438437 1
1064500 439438 1
1064501 440439 1
1064502 441440 1
1064503 442441 1
1064504 443442 1
1064505 444443 1
1064506 445444 1
1064507 446445 1
1064508 447446 1
1064509 448447 1
1064510 449448 1
1064511 450449 1
1064512 451450 1
1064513 452451 1
1064514 453452 1
1064515 454453 1
1064516 455454 1
1064517 456455 1
1064518 457456 1
1064519 458457 1
1064520 459458 1
1064521 460459 1
1064522 461460 1
1064523 462461 1
1064524 463462 1
1064525 464463 1
1064526 465464 1
1064527 466465 1
1064528 467466 1
1064529 468467 1
1064530 469468 1
1064531 470469 1
1064532 471470 1
1064533 472471 1
1064534 473472 1
1064535 474473 1
1064536 475474 1
1064537 476475 1
1064538 477476 1
1064539 478477 1
1064540 479478 1
1064541 480479 1
1064542 481480 1
1064543 482481 1
1064544 483482 1
1064545 484483 1
1064546 485484 1
1064547 486485 1
1064548 487486 1
1064549 488487 1
1064550 489488 1
1064551 490489 1
1064552 491490 1
1064553 492491 1
1064554 493492 1
1064555 494493 1
1064556 495494 1
1064557 496495 1
1064558 497496 1
1064559 498497 1
1064560 499498 1
1064561 500499 1
1064562 501500 1
1064563 502501 1
1064564 503502 1
1064565 504503 1
1064566 505504 1
1064567 506505 1
1064568 507506 1
1064569 508507 1
1064570 509508 1
1064571 510509 1
1064572 511510 1
1064573 512511 1
1064574 513512 1
1064575 514513 1
1064576 515514 1
1064577 516515 1
1064578 517516 1
1064579 518517 1
1064580 519518 1
1064581 520519 1
1064582 521520 1
1064583 522521 1
1064584 523522 1
1064585 524523 1
1064586 525524 1
1064587 526525 1
1064588 527526 1
1064589 528527 1
1064590 529528 1
1064591 530529 1
1064592 531530 1
1064593 532531 1
1064594 533532 1
1064595 534533 1
1064596 535534 1
1064597 536535 1
1064598 537536 1
1064599 538537 1
1064600 539538 1
1064601 540539 1
1064602 541540 1
1064603 542541 1
1064604 543542 1
1064605 544543 1
1064606 545544 1
1064607 546545 1
1064608 547546 1
1064609 548547 1
1064610 549548 1
1064611 550549 1
1064612 551550 1
1064613 552551 1
1064614 553552 1
1064615 554553 1
1064616 555554 1
1064617 556555 1
1064618 557556 1
1064619 558557 1
1064620 559558 1
1064621 560559 1
1064622 561560 1
1064623 562561 1
1064624 563562 1
1064625 564563 1
1064626 565564 1
1064627 566565 1
1064628 567566 1
1064629 568567 1
1064630 569568 1
1064631 570569 1
1064632 571570 1
1064633 572571 1
1064634 573572 1
1064635 574573 1
1064636 575574 1
1064637 576575 1
1064638 577576 1
1064639 578577 1
1064640 579578 1
1064641 580579 1
1064642 581580 1
1064643 582581 1
1064644 583582 1
1064645 584583 1
1064646 585584 1
1064647 586585 1
1064648 587586 1
1064649 588587 1
1064650 589588 1
1064651 590589 1
1064652 591590 1
1064653 592591 1
1064654 593592 1
1064655 594593 1
1064656 595594 1
1064657 596595 1
1064658 597596 1
1064659 598597 1
1064660 599598 1
1064661 600599 1
1064662 601600 1
1064663 602601 1
1064664 603602 1
1064665 604603 1
1064666 605604 1
1064667 606605 1
1064668 607606 1
1064669 608607 1
1064670 609608 1
1064671 610609 1
1064672 611610 1
1064673 612611 1
1064674 613612 1
1064675 614613 1
1064676 615614 1
1064677 616615 1
1064678 617616 1
1064679 618617 1
1064680 619618 1
1064681 620619 1
1064682 621620 1
1064683 622621 1
1064684 623622 1
1064685 624623 1
1064686 625624 1
1064687 626625 1
1064688 627626 1
1064689 628627 1
1064690 629628 1
1064691 630629 1
1064692 631630 1
1064693 632631 1
1064694 633632 1
1064695 634633 1
1064696 635634 1
1064697 636635 1
1064698 637636 1
1064699 638637 1
1064700 639638 1
1064701 640639 1
1064702 641640 1
1064703 642641 1
1064704 643642 1
1064705 644643 1
1064706 645644 1
1064707 646645 1
1064708 647646 1
1064709 648647 1
1064710 649648 1
1064711 650649 1
1064712 651650 1
1064713 652651 1
1064714 653652 1
1064715 654653 1
1064716 655654 1
1064717 656655 1
1064718 657656 1
1064719 658657 1
1064720 659658 1
1064721 660659 1
1064722 661660 1
1064723 662661 1
1064724 663662 1
1064725 664663 1
1064726 665664 1
1064727 666665 1
1064728 667666 1
1064729 668667 1
1064730 669668 1
1064731 670669 1
1064732 671670 1
1064733 672671 1
1064734 673672 1
1064735 674673 1
1064736 675674 1
1064737 676675 1
1064738 677676 1
1064739 678677 1
1064740 679678 1
1064741 680679 1
1064742 681680 1
1064743 682681 1
1064744 683682 1
1064745 684683 1
1064746 685684 1
1064747 686685 1
1064748 687686 1
1064749 688687 1
1064750 689688 1
1064751 690689 1
1064752 691690 1
1064753 692691 1
1064754 693692 1
1064755 694693 1
1064756 695694 1
1064757 696695 1
1064758 697696 1
1064759 698697 1
1064760 699698 1
1064761 700699 1
1064762 701700 1
1064763 702701 1
1064764 703702 1
1064765 704703 1
1064766 705704 1
1064767 706705 1
1064768 707706 1
1064769 708707 1
1064770 709708 1
1064771 710709 1
1064772 711710 1
1064773 712711 1
1064774 713712 1
1064775 714713 1
1064776 715714 1
1064777 716715 1
1064778 717716 1
1064779 718717 1
1064780 719718 1
1064781 720719 1
1064782 721720 1
1064783 722721 1
1064784 723722 1
1064785 724723 1
1064786 725724 1
1064787 726725 1
1064788 727726 1
1064789 728727 1
1064790 729728 1
1064791 730729 1
1064792 731730 1
1064793 732731 1
1064794 733732 1
1064795 734733 1
1064796 735734 1
1064797 736735 1
1064798 737736 1
1064799 738737 1
1064800 739738 1
1064801 740739 1
1064802 741740 1
1064803 742741 1
1064804 743742 1
1064805 744743 1
1064806 745744 1
1064807 746745 1
1064808 747746 1
1064809 748747 1
1064810 749748 1
1064811 750749 1
1064812 751750 1
1064813 752751 1
1064814 753752 1
1064815 754753 1
1064816 755754 1
1064817 756755 1
1064818 757756 1
1064819 758757 1
1064820 759758 1
1064821 760759 1
1064822 761760 1
1064823 762761 1
1064824 763762 1
1064825 764763 1
1064826 765764 1
1064827 766765 1
1064828 767766 1
1064829 768767 1
1064830 769768 1
1064831 770769 1
1064832 771770 1
1064833 772771 1
1064834 773772 1
1064835 774773 1
1064836 775774 1
1064837 776775 1
1064838 777776 1
1064839 778777 1
1064840 779778 1
1064841 780779 1
1064842 781780 1
1064843 782781 1
1064844 783782 1
1064845 784783 1
1064846 785784 1
1064847 786785 1
1064848 787786 1
1064849 788787 1
1064850 789788 1
1064851 790789 1
1064852 791790 1
1064853 792791 1
1064854 793792 1
1064855 794793 1
1064856 795794 1
1064857 796795 1
1064858 797796 1
1064859 798797 1
1064860 799798 1
1064861 800799 1
1064862 801800 1
1064863 802801 1
1064864 803802 1
1064865 804803 1
1064866 805804 1
1064867 806805 1
1064868 807806 1
1064869 808807 1
1064870 809808 1
1064871 810809 1
1064872 811810 1
1064873 812811 1
1064874 813812 1
1064875 814813 1
1064876 815814 1
1064877 816815 1
1064878 817816 1
1064879 818817 1
1064880 819818 1
1064881 820819 1
1064882 821820 1
1064883 822821 1
1064884 823822 1
1064885 824823 1
1064886 825824 1
1064887 826825 1
1064888 827826 1
1064889 828827 1
1064890 829828 1
1064891 830829 1
1064892 831830 1
1064893 832831 1
1064894 833832 1
1064895 834833 1
1064896 835834 1
1064897 836835 1
1064898 837836 1
1064899 838837 1
1064900 839838 1
1064901 840839 1
1064902 841840 1
1064903 842841 1
1064904 843842 1
1064905 844843 1
1064906 845844 1
1064907 846845 1
1064908 847846 1
1064909 848847 1
1064910 849848 1
1064911 850849 1
1064912 851850 1
1064913 852851 1
1064914 853852 1
1064915 854853 1
1064916 855854 1
1064917 856855 1
1064918 857856 1
1064919 858857 1
1064920 859858 1
1064921 860859 1
1064922 861860 1
1064923 862861 1
1064924 863862 1
1064925 864863 1
1064926 865864 1
1064927 866865 1
1064928 867866 1
1064929 868867 1
1064930 869868 1
1064931 870869 1
1064932 871870 1
1064933 872871 1
1064934 873872 1
1064935 874873 1
1064936 875874 1
1064937 876875 1
1064938 877876 1
1064939 878877 1
1064940 879878 1
1064941 880879 1
1064942 881880 1
1064943 882881 1
1064944 883882 1
1064945 884883 1
1064946 885884 1
1064947 886885 1
1064948 887886 1
1064949 888887 1
1064950 889888 1
1064951 890889 1
1064952 891890 1
1064953 892891 1
1064954 893892 1
1064955 894893 1
1064956 895894 1
1064957 896895 1
1064958 897896 1
1064959 898897 1
1064960 899898 1
1064961 900899 1
1064962 901900 1
1064963 902901 1
1064964 903902 1
1064965 904903 1
1064966 905904 1
1064967 906905 1
1064968 907906 1
1064969 908907 1
1064970 909908 1
1064971 910909 1
1064972 911910 1
1064973 912911 1
1064974 913912 1
1064975 914913 1
1064976 915914 1
1064977 916915 1
1064978 917916 1
1064979 918917 1
1064980 919918 1
1064981 920919 1
1064982 921920 1
1064983 922921 1
1064984 923922 1
1064985 924923 1
1064986 925924 1
1064987 926925 1
1064988 927926 1
1064989 928927 1
1064990 929928 1
1064991 930929 1
1064992 931930 1
1064993 932931 1
1064994 933932 1
1064995 934933 1
1064996 935934 1
1064997 936935 1
1064998 937936 1
1064999 938937 1
1065000 939938 1
1065001 940939 1
1065002 941940 1
1065003 942941 1
1065004 943942 1
1065005 944943 1
1065006 945944 1
1065007 946945 1
1065008 947946 1
1065009 948947 1
1065010 949948 1
1065011 950949 1
1065012 951950 1
1065013 952951 1
1065014 953952 1
1065015 954953 1
1065016 955954 1
1065017 956955 1
1065018 957956 1
1065019 958957 1
1065020 959958 1
1065021 960959 1
1065022 961960 1
1065023 962961 1
1065024 963962 1
1065025 964963 1
1065026 965964 1
1065027 966965 1
1065028 967966 1
1065029 968967 1
1065030 969968 1
1065031 970969 1
1065032 971970 1
1065033 972971 1
1065034 973972 1
1065035 974973 1
1065036 975974 1
1065037 976975 1
1065038 977976 1
1065039 978977 1
1065040 979978 1
1065041 980979 1
1065042 981980 1
1065043 982981 1
1065044 983982 1
1065045 984983 1
1065046 985984 1
1065047 986985 1
1065048 987986 1
1065049 988987 1
1065050 989988 1
1065051 990989 1
1065052 991990 1
1065053 992991 1
1065054 993992 1
1065055 994993 1
1065056 995994 1
1065057 996995 1
1065058 997996 1
1065059 998997 1
1065060 999998 1
1065061 1000999 1
1065062 1002000 1
1065063 1003001 1
1065064 1004002 1
1065065 1005003 1
1065066 1006004 1
1065067 1007005 1
1065068 1008006 1
1065069 1009007 1
1065070 1010008 1
1065071 1011009 1
1065072 1012010 1
1065073 1013011 1
1065074 1014012 1
1065075 1015013 1
1065076 1016014 1
1065077 1017015 1
1065078 1018016 1
1065079 1019017 1
1065080 1020018 1
1065081 1021019 1
1065082 1022020 1
1065083 1023021 1
1065084 1024022 1
1065085 1025023 1
1065086 1026024 1
1065087 1027025 1
1065088 1028026 1
1065089 1029027 1
1065090 1030028 1
1065091 1031029 1
1065092 1032030 1
1065093 1033031 1
1065094 1034032 1
1065095 1035033 1
1065096 1036034 1
1065097 1037035 1
1065098 1038036 1
1065099 1039037 1
1065100 1040038 1
1065101 1041039 1
1065102 1042040 1
1065103 1043041 1
1065104 1044042 1
1065105 1045043 1
1065106 1046044 1
1065107 1047045 1
1065108 1048046 1
1065109 1049047 1
1065110 1050048 1
1065111 1051049 1
1065112 1052050 1
1065113 1053051 1
1065114 1054052 1
1065115 1055053 1
1065116 1056054 1
1065117 1057055 1
1065118 1058056 1
1065119 1059057 1
1065120 1060058 1
1065121 1061059 1
1065122 1062060 1
1065123 1063061 1
1065124 0 1
1065125 1001 1
1065126 2002 1
1065127 3003 1
1065128 4004 1
1065129 5005 1
1065130 6006 1
1065131 7007 1
1065132 8008 1
1065133 9009 1
1065134 10010 1
1065135 11011 1
1065136 12012 1
1065137 13013 1
1065138 14014 1
1065139 15015 1
1065140 16016 1
1065141 17017 1
1065142 18018 1
1065143 19019 1
1065144 20020 1
1065145 21021 1
1065146 22022 1
1065147 23023 1
1065148 24024 1
1065149 25025 1
1065150 26026 1
1065151 27027 1
1065152 28028 1
1065153 29029 1
1065154 30030 1
1065155 31031 1
1065156 32032 1
1065157 33033 1
1065158 34034 1
1065159 35035 1
1065160 36036 1
1065161 37037 1
1065162 38038 1
1065163 39039 1
1065164 40040 1
1065165 41041 1
1065166 42042 1
1065167 43043 1
1065168 44044 1
1065169 45045 1
1065170 46046 1
1065171 47047 1
1065172 48048 1
1065173 49049 1
1065174 50050 1
1065175 51051 1
1065176 52052 1
1065177 53053 1
1065178 54054 1
1065179 55055 1
1065180 56056 1
1065181 57057 1
1065182 58058 1
1065183 59059 1
1065184 60060 1
1065185 61061 1
1065186 62062 1
1065187 63063 1
1065188 64064 1
1065189 65065 1
1065190 66066 1
1065191 67067 1
1065192 68068 1
1065193 69069 1
1065194 70070 1
1065195 71071 1
1065196 72072 1
1065197 73073 1
1065198 74074 1
1065199 75075 1
1065200 76076 1
1065201 77077 1
1065202 78078 1
1065203 79079 1
1065204 80080 1
1065205 81081 1
1065206 82082 1
1065207 83083 1
1065208 84084 1
1065209 85085 1
1065210 86086 1
1065211 87087 1
1065212 88088 1
1065213 89089 1
1065214 90090 1
1065215 91091 1
1065216 92092 1
1065217 93093 1
1065218 94094 1
1065219 95095 1
1065220 96096 1
1065221 97097 1
1065222 98098 1
1065223 99099 1
1065224 100100 1
1065225 101101 1
1065226 102102 1
1065227 103103 1
1065228 104104 1
1065229 105105 1
1065230 106106 1
1065231 107107 1
1065232 108108 1
1065233 109109 1
1065234 110110 1
1065235 111111 1
1065236 112112 1
1065237 113113 1
1065238 114114 1
1065239 115115 1
1065240 116116 1
1065241 117117 1
1065242 118118 1
1065243 119119 1
1065244 120120 1
1065245 121121 1
1065246 122122 1
1065247 123123 1
1065248 124124 1
1065249 125125 1
1065250 126126 1
1065251 127127 1
1065252 128128 1
1065253 129129 1
1065254 130130 1
1065255 131131 1
1065256 132132 1
1065257 133133 1
1065258 134134 1
1065259 135135 1
1065260 136136 1
1065261 137137 1
1065262 138138 1
1065263 139139 1
1065264 140140 1
1065265 141141 1
1065266 142142 1
1065267 143143 1
1065268 144144 1
1065269 145145 1
1065270 146146 1
1065271 147147 1
1065272 148148 1
1065273 149149 1
1065274 150150 1
1065275 151151 1
1065276 152152 1
1065277 153153 1
1065278 154154 1
1065279 155155 1
1065280 156156 1
1065281 157157 1
1065282 158158 1
1065283 159159 1
1065284 160160 1
1065285 161161 1
1065286 162162 1
1065287 163163 1
1065288 164164 1
1065289 165165 1
1065290 166166 1
1065291 167167 1
1065292 168168 1
1065293 169169 1
1065294 170170 1
1065295 171171 1
1065296 172172 1
1065297 173173 1
1065298 174174 1
1065299 175175 1
1065300 176176 1
1065301 177177 1
1065302 178178 1
1065303 179179 1
1065304 180180 1
1065305 181181 1
1065306 182182 1
1065307 183183 1
1065308 184184 1
1065309 185185 1
1065310 186186 1
1065311 187187 1
1065312 188188 1
1065313 189189 1
1065314 190190 1
1065315 191191 1
1065316 192192 1
1065317 193193 1
1065318 194194 1
1065319 195195 1
1065320 196196 1
1065321 197197 1
1065322 198198 1
1065323 199199 1
1065324 200200 1
1065325 201201 1
1065326 202202 1
1065327 203203 1
1065328 204204 1
1065329 205205 1
1065330 206206 1
1065331 207207 1
1065332 208208 1
1065333 209209 1
1065334 210210 1
1065335 211211 1
1065336 212212 1
1065337 213213 1
1065338 214214 1
1065339 215215 1
1065340 216216 1
1065341 217217 1
1065342 218218 1
1065343 219219 1
1065344 220220 1
1065345 221221 1
1065346 222222 1
1065347 223223 1
1065348 224224 1
1065349 225225 1
1065350 226226 1
1065351 227227 1
1065352 228228 1
1065353 229229 1
1065354 230230 1
1065355 231231 1
1065356 232232 1
1065357 233233 1
1065358 234234 1
1065359 235235 1
1065360 236236 1
1065361 237237 1
1065362 238238 1
1065363 239239 1
1065364 240240 1
1065365 241241 1
1065366 242242 1
1065367 243243 1
1065368 244244 1
1065369 245245 1
1065370 246246 1
1065371 247247 1
1065372 248248 1
1065373 249249 1
1065374 250250 1
1065375 251251 1
1065376 252252 1
1065377 253253 1
1065378 254254 1
1065379 255255 1
1065380 256256 1
1065381 257257 1
1065382 258258 1
1065383 259259 1
1065384 260260 1
1065385 261261 1
1065386 262262 1
1065387 263263 1
1065388 264264 1
1065389 265265 1
1065390 266266 1
1065391 267267 1
1065392 268268 1
1065393 269269 1
1065394 270270 1
1065395 271271 1
1065396 272272 1
1065397 273273 1
1065398 274274 1
1065399 275275 1
1065400 276276 1
1065401 277277 1
1065402 278278 1
1065403 279279 1
1065404 280280 1
1065405 281281 1
1065406 282282 1
1065407 283283 1
1065408 284284 1
1065409 285285 1
1065410 286286 1
1065411 287287 1
1065412 288288 1
1065413 289289 1
1065414 290290 1
1065415 291291 1
1065416 292292 1
1065417 293293 1
1065418 294294 1
1065419 295295 1
1065420 296296 1
1065421 297297 1
1065422 298298 1
1065423 299299 1
1065424 300300 1
1065425 301301 1
1065426 302302 1
1065427 303303 1
1065428 304304 1
1065429 305305 1
1065430 306306 1
1065431 307307 1
1065432 308308 1
1065433 309309 1
1065434 310310 1
1065435 311311 1
1065436 312312 1
1065437 313313 1
1065438 314314 1
1065439 315315 1
1065440 316316 1
1065441 317317 1
1065442 318318 1
1065443 319319 1
1065444 320320 1
1065445 321321 1
1065446 322322 1
1065447 323323 1
1065448 324324 1
1065449 325325 1
1065450 326326 1
1065451 327327 1
1065452 328328 1
1065453 329329 1
1065454 330330 1
1065455 331331 1
1065456 332332 1
1065457 333333 1
1065458 334334 1
1065459 335335 1
1065460 336336 1
1065461 337337 1
1065462 338338 1
1065463 339339 1
1065464 340340 1
1065465 341341 1
1065466 342342 1
1065467 343343 1
1065468 344344 1
1065469 345345 1
1065470 346346 1
1065471 347347 1
1065472 348348 1
1065473 349349 1
1065474 350350 1
1065475 351351 1
1065476 352352 1
1065477 353353 1
1065478 354354 1
1065479 355355 1
1065480 356356 1
1065481 357357 1
1065482 358358 1
1065483 359359 1
1065484 360360 1
1065485 361361 1
1065486 362362 1
1065487 363363 1
1065488 364364 1
1065489 365365 1
1065490 366366 1
1065491 367367 1
1065492 368368 1
1065493 369369 1
1065494 370370 1
1065495 371371 1
1065496 372372 1
1065497 373373 1
1065498 374374 1
1065499 375375 1
1065500 376376 1
1065501 377377 1
1065502 378378 1
1065503 379379 1
1065504 380380 1
1065505 381381 1
1065506 382382 1
1065507 383383 1
1065508 384384 1
1065509 385385 1
1065510 386386 1
1065511 387387 1
1065512 388388 1
1065513 389389 1
1065514 390390 1
1065515 391391 1
1065516 392392 1
1065517 393393 1
1065518 394394 1
1065519 395395 1
1065520 396396 1
1065521 397397 1
1065522 398398 1
1065523 399399 1
1065524 400400 1
1065525 401401 1
1065526 402402 1
1065527 403403 1
1065528 404404 1
1065529 405405 1
1065530 406406 1
1065531 407407 1
1065532 408408 1
1065533 409409 1
1065534 410410 1
1065535 411411 1
1065536 412412 1
1065537 413413 1
1065538 414414 1
1065539 415415 1
1065540 416416 1
1065541 417417 1
1065542 418418 1
1065543 419419 1
1065544 420420 1
1065545 421421 1
1065546 422422 1
1065547 423423 1
1065548 424424 1
1065549 425425 1
1065550 426426 1
1065551 427427 1
1065552 428428 1
1065553 429429 1
1065554 430430 1
1065555 431431 1
1065556 432432 1
1065557 433433 1
1065558 434434 1
1065559 435435 1
1065560 436436 1
1065561 437437 1
1065562 438438 1
1065563 439439 1
1065564 440440 1
1065565 441441 1
1065566 442442 1
1065567 443443 1
1065568 444444 1
1065569 445445 1
1065570 446446 1
1065571 447447 1
1065572 448448 1
1065573 449449 1
1065574 450450 1
1065575 451451 1
1065576 452452 1
1065577 453453 1
1065578 454454 1
1065579 455455 1
1065580 456456 1
1065581 457457 1
1065582 458458 1
1065583 459459 1
1065584 460460 1
1065585 461461 1
1065586 462462 1
1065587 463463 1
1065588 464464 1
1065589 465465 1
1065590 466466 1
1065591 467467 1
1065592 468468 1
1065593 469469 1
1065594 470470 1
1065595 471471 1
1065596 472472 1
1065597 473473 1
1065598 474474 1
1065599 475475 1
1065600 476476 1
1065601 477477 1
1065602 478478 1
1065603 479479 1
1065604 480480 1
1065605 481481 1
1065606 482482 1
1065607 483483 1
1065608 484484 1
1065609 485485 1
1065610 486486 1
1065611 487487 1
1065612 488488 1
1065613 489489 1
1065614 490490 1
1065615 491491 1
1065616 492492 1
1065617 493493 1
1065618 494494 1
1065619 495495 1
1065620 496496 1
1065621 497497 1
1065622 498498 1
1065623 499499 1
1065624 500500 1
1065625 501501 1
1065626 502502 1
1065627 503503 1
1065628 504504 1
1065629 505505 1
1065630 506506 1
1065631 507507 1
1065632 508508 1
1065633 509509 1
1065634 510510 1
1065635 511511 1
1065636 512512 1
1065637 513513 1
1065638 514514 1
1065639 515515 1
1065640 516516 1
1065641 517517 1
1065642 518518 1
1065643 519519 1
1065644 520520 1
1065645 521521 1
1065646 522522 1
1065647 523523 1
1065648 524524 1
1065649 525525 1
1065650 526526 1
1065651 527527 1
1065652 528528 1
1065653 529529 1
1065654 530530 1
1065655 531531 1
1065656 532532 1
1065657 533533 1
1065658 534534 1
1065659 535535 1
1065660 536536 1
1065661 537537 1
1065662 538538 1
1065663 539539 1
1065664 540540 1
1065665 541541 1
1065666 542542 1
1065667 543543 1
1065668 544544 1
1065669 545545 1
1065670 546546 1
1065671 547547 1
1065672 548548 1
1065673 549549 1
1065674 550550 1
1065675 551551 1
1065676 552552 1
1065677 553553 1
1065678 554554 1
1065679 555555 1
1065680 556556 1
1065681 557557 1
1065682 558558 1
1065683 559559 1
1065684 560560 1
1065685 561561 1
1065686 562562 1
1065687 563563 1
1065688 564564 1
1065689 565565 1
1065690 566566 1
1065691 567567 1
1065692 568568 1
1065693 569569 1
1065694 570570 1
1065695 571571 1
1065696 572572 1
1065697 573573 1
1065698 574574 1
1065699 575575 1
1065700 576576 1
1065701 577577 1
1065702 578578 1
1065703 579579 1
1065704 580580 1
1065705 581581 1
1065706 582582 1
1065707 583583 1
1065708 584584 1
1065709 585585 1
1065710 586586 1
1065711 587587 1
1065712 588588 1
1065713 589589 1
1065714 590590 1
1065715 591591 1
1065716 592592 1
1065717 593593 1
1065718 594594 1
1065719 595595 1
1065720 596596 1
1065721 597597 1
1065722 598598 1
1065723 599599 1
1065724 600600 1
1065725 601601 1
1065726 602602 1
1065727 603603 1
1065728 604604 1
1065729 605605 1
1065730 606606 1
1065731 607607 1
1065732 608608 1
1065733 609609 1
1065734 610610 1
1065735 611611 1
1065736 612612 1
1065737 613613 1
1065738 614614 1
1065739 615615 1
1065740 616616 1
1065741 617617 1
1065742 618618 1
1065743 619619 1
1065744 620620 1
1065745 621621 1
1065746 622622 1
1065747 623623 1
1065748 624624 1
1065749 625625 1
1065750 626626 1
1065751 627627 1
1065752 628628 1
1065753 629629 1
1065754 630630 1
1065755 631631 1
1065756 632632 1
1065757 633633 1
1065758 634634 1
1065759 635635 1
1065760 636636 1
1065761 637637 1
1065762 638638 1
1065763 639639 1
1065764 640640 1
1065765 641641 1
1065766 642642 1
1065767 643643 1
1065768 644644 1
1065769 645645 1
1065770 646646 1
1065771 647647 1
1065772 648648 1
1065773 649649 1
1065774 650650 1
1065775 651651 1
1065776 652652 1
1065777 653653 1
1065778 654654 1
1065779 655655 1
1065780 656656 1
1065781 657657 1
1065782 658658 1
1065783 659659 1
1065784 660660 1
1065785 661661 1
1065786 662662 1
1065787 663663 1
1065788 664664 1
1065789 665665 1
1065790 666666 1
1065791 667667 1
1065792 668668 1
1065793 669669 1
1065794 670670 1
1065795 671671 1
1065796 672672 1
1065797 673673 1
1065798 674674 1
1065799 675675 1
1065800 676676 1
1065801 677677 1
1065802 678678 1
1065803 679679 1
1065804 680680 1
1065805 681681 1
1065806 682682 1
1065807 683683 1
1065808 684684 1
1065809 685685 1
1065810 686686 1
1065811 687687 1
1065812 688688 1
1065813 689689 1
1065814 690690 1
1065815 691691 1
1065816 692692 1
1065817 693693 1
1065818 694694 1
1065819 695695 1
1065820 696696 1
1065821 697697 1
1065822 698698 1
1065823 699699 1
1065824 700700 1
1065825 701701 1
1065826 702702 1
1065827 703703 1
1065828 704704 1
1065829 705705 1
1065830 706706 1
1065831 707707 1
1065832 708708 1
1065833 709709 1
1065834 710710 1
1065835 711711 1
1065836 712712 1
1065837 713713 1
1065838 714714 1
1065839 715715 1
1065840 716716 1
1065841 717717 1
1065842 718718 1
1065843 719719 1
1065844 720720 1
1065845 721721 1
1065846 722722 1
1065847 723723 1
1065848 724724 1
1065849 725725 1
1065850 726726 1
1065851 727727 1
1065852 728728 1
1065853 729729 1
1065854 730730 1
1065855 731731 1
1065856 732732 1
1065857 733733 1
1065858 734734 1
1065859 735735 1
1065860 736736 1
1065861 737737 1
1065862 738738 1
1065863 739739 1
1065864 740740 1
1065865 741741 1
1065866 742742 1
1065867 743743 1
1065868 744744 1
1065869 745745 1
1065870 746746 1
1065871 747747 1
1065872 748748 1
1065873 749749 1
1065874 750750 1
1065875 751751 1
1065876 752752 1
1065877 753753 1
1065878 754754 1
1065879 755755 1
1065880 756756 1
1065881 757757 1
1065882 758758 1
1065883 759759 1
1065884 760760 1
1065885 761761 1
1065886 762762 1
1065887 763763 1
1065888 764764 1
1065889 765765 1
1065890 766766 1
1065891 767767 1
1065892 768768 1
1065893 769769 1
1065894 770770 1
1065895 771771 1
1065896 772772 1
1065897 773773 1
1065898 774774 1
1065899 775775 1
1065900 776776 1
1065901 777777 1
1065902 778778 1
1065903 779779 1
1065904 780780 1
1065905 781781 1
1065906 782782 1
1065907 783783 1
1065908 784784 1
1065909 785785 1
1065910 786786 1
1065911 787787 1
1065912 788788 1
1065913 789789 1
1065914 790790 1
1065915 791791 1
1065916 792792 1
1065917 793793 1
1065918 794794 1
1065919 795795 1
1065920 796796 1
1065921 797797 1
1065922 798798 1
1065923 799799 1
1065924 800800 1
1065925 801801 1
1065926 802802 1
1065927 803803 1
1065928 804804 1
1065929 805805 1
1065930 806806 1
1065931 807807 1
1065932 808808 1
1065933 809809 1
1065934 810810 1
1065935 811811 1
1065936 812812 1
1065937 813813 1
1065938 814814 1
1065939 815815 1
1065940 816816 1
1065941 817817 1
1065942 818818 1
1065943 819819 1
1065944 820820 1
1065945 821821 1
1065946 822822 1
1065947 823823 1
1065948 824824 1
1065949 825825 1
1065950 826826 1
1065951 827827 1
1065952 828828 1
1065953 829829 1
1065954 830830 1
1065955 831831 1
1065956 832832 1
1065957 833833 1
1065958 834834 1
1065959 835835 1
1065960 836836 1
1065961 837837 1
1065962 838838 1
1065963 839839 1
1065964 840840 1
1065965 841841 1
1065966 842842 1
1065967 843843 1
1065968 844844 1
1065969 845845 1
1065970 846846 1
1065971 847847 1
1065972 848848 1
1065973 849849 1
1065974 850850 1
1065975 851851 1
1065976 852852 1
1065977 853853 1
1065978 854854 1
1065979 855855 1
1065980 856856 1
1065981 857857 1
1065982 858858 1
1065983 859859 1
1065984 860860 1
1065985 861861 1
1065986 862862 1
1065987 863863 1
1065988 864864 1
1065989 865865 1
1065990 866866 1
1065991 867867 1
1065992 868868 1
1065993 869869 1
1065994 870870 1
1065995 871871 1
1065996 872872 1
1065997 873873 1
1065998 874874 1
1065999 875875 1
1066000 876876 1
1066001 877877 1
1066002 878878 1
1066003 879879 1
1066004 880880 1
1066005 881881 1
1066006 882882 1
1066007 883883 1
1066008 884884 1
1066009 885885 1
1066010 886886 1
1066011 887887 1
1066012 888888 1
1066013 889889 1
1066014 890890 1
1066015 891891 1
1066016 892892 1
1066017 893893 1
1066018 894894 1
1066019 895895 1
1066020 896896 1
1066021 897897 1
1066022 898898 1
1066023 899899 1
1066024 900900 1
1066025 901901 1
1066026 902902 1
1066027 903903 1
1066028 904904 1
1066029 905905 1
1066030 906906 1
1066031 907907 1
1066032 908908 1
1066033 909909 1
1066034 910910 1
1066035 911911 1
1066036 912912 1
1066037 913913 1
1066038 914914 1
1066039 915915 1
1066040 916916 1
1066041 917917 1
1066042 918918 1
1066043 919919 1
1066044 920920 1
1066045 921921 1
1066046 922922 1
1066047 923923 1
1066048 924924 1
1066049 925925 1
1066050 926926 1
1066051 927927 1
1066052 928928 1
1066053 929929 1
1066054 930930 1
1066055 931931 1
1066056 932932 1
1066057 933933 1
1066058 934934 1
1066059 935935 1
1066060 936936 1
1066061 937937 1
1066062 938938 1
1066063 939939 1
1066064 940940 1
1066065 941941 1
1066066 942942 1
1066067 943943 1
1066068 944944 1
1066069 945945 1
1066070 946946 1
1066071 947947 1
1066072 948948 1
1066073 949949 1
1066074 950950 1
1066075 951951 1
1066076 952952 1
1066077 953953 1
1066078 954954 1
1066079 955955 1
1066080 956956 1
1066081 957957 1
1066082 958958 1
1066083 959959 1
1066084 960960 1
1066085 961961 1
1066086 962962 1
1066087 963963 1
1066088 964964 1
1066089 965965 1
1066090 966966 1
1066091 967967 1
1066092 968968 1
1066093 969969 1
1066094 970970 1
1066095 971971 1
1066096 972972 1
1066097 973973 1
1066098 974974 1
1066099 975975 1
1066100 976976 1
1066101 977977 1
1066102 978978 1
1066103 979979 1
1066104 980980 1
1066105 981981 1
1066106 982982 1
1066107 983983 1
1066108 984984 1
1066109 985985 1
1066110 986986 1
1066111 987987 1
1066112 988988 1
1066113 989989 1
1066114 990990 1
1066115 991991 1
1066116 992992 1
1066117 993993 1
1066118 994994 1
1066119 995995 1
1066120 996996 1
1066121 997997 1
1066122 998998 1
1066123 999999 1
1066124 1001000 1
1066125 1002001 1
1066126 1003002 1
1066127 1004003 1
1066128 1005004 1
1066129 1006005 1
1066130 1007006 1
1066131 1008007 1
1066132 1009008 1
1066133 1010009 1
1066134 1011010 1
1066135 1012011 1
1066136 1013012 1
1066137 1014013 1
1066138 1015014 1
1066139 1016015 1
1066140 1017016 1
1066141 1018017 1
1066142 1019018 1
1066143 1020019 1
1066144 1021020 1
1066145 1022021 1
1066146 1023022 1
1066147 1024023 1
1066148 1025024 1
1066149 1026025 1
1066150 1027026 1
1066151 1028027 1
1066152 1029028 1
1066153 1030029 1
1066154 1031030 1
1066155 1032031 1
1066156 1033032 1
1066157 1034033 1
1066158 1035034 1
1066159 1036035 1
1066160 1037036 1
1066161 1038037 1
1066162 1039038 1
1066163 1040039 1
1066164 1041040 1
1066165 1042041 1
1066166 1043042 1
1066167 1044043 1
1066168 1045044 1
1066169 1046045 1
1066170 1047046 1
1066171 1048047 1
1066172 1049048 1
1066173 1050049 1
1066174 1051050 1
1066175 1052051 1
1066176 1053052 1
1066177 1054053 1
1066178 1055054 1
1066179 1056055 1
1066180 1057056 1
1066181 1058057 1
1066182 1059058 1
1066183 1060059 1
1066184 1061060 1
1066185 1062061 1
