# 1487 3
236809 0 1
236810 1 1
236811 2 1
236812 3 1
236813 4 1
236814 5 1
236815 10 1
236816 13 1
236817 27 1
236818 32 1
236819 69 1
236820 81 1
236821 82 1
236822 86 1
236823 89 1
236824 91 1
236825 107 1
236826 108 1
236827 113 1
236828 117 1
236829 118 1
236830 119 1
236831 124 1
236832 192 1
236833 194 1
236834 200 1
236835 201 1
236836 312 1
236837 315 1
236838 345 1
236839 368 1
236840 376 1
236841 377 1
236842 378 1
236843 380 1
236844 384 1
236845 385 1
236846 397 1
236847 400 1
236848 401 1
236849 412 1
236850 418 1
236851 424 1
236852 436 1
236853 440 1
236854 514 1
236855 515 1
236856 516 1
236857 519 1
236858 521 1
236859 522 1
236860 523 1
236861 533 1
236862 534 1
236863 536 1
236864 537 1
236865 555 1
236866 556 1
236867 560 1
236868 570 1
236869 574 1
236870 576 1
236871 815 1
236872 818 1
236873 887 1
236874 903 1
236875 905 1
236876 908 1
236877 911 1
236878 912 1
236879 913 1
236880 916 1
236881 938 1
236882 940 1
236883 946 1
236884 948 1
236885 957 1
236886 959 1
236887 960 1
236888 962 1
236889 963 1
236890 1221 1
236891 1222 1
236892 1223 1
236893 1339 1
236894 1385 1
236895 1386 1
236896 1445 1
236897 1497 1
236898 1511 1
236899 1549 1
236900 1551 1
236901 1554 1
236902 1558 1
236903 1559 1
236904 1560 1
236905 1561 1
236906 1571 1
236907 1572 1
236908 1573 1
236909 1575 1
236910 1609 1
236911 1609 1
236912 1611 1
236913 1615 1
236914 1618 1
236915 1645 1
236916 1647 1
236917 1651 1
236918 1668 1
236919 1679 1
236920 1681 1
236921 1695 1
236922 1715 1
236923 1716 1
236924 1720 1
236925 1723 1
236926 1725 1
236927 1743 1
236928 1992 1
236929 1996 1
236930 1997 1
236931 1999 1
236932 2000 1
236933 2002 1
236934 2004 1
236935 2005 1
236936 2006 1
236937 2011 1
236938 2012 1
236939 2014 1
236940 2034 1
236941 2039 1
236942 2052 1
236943 2056 1
236944 2059 1
236945 2063 1
236946 2064 1
236947 2073 1
236948 2074 1
236949 2525 1
236950 2526 1
236951 2527 1
236952 2538 1
236953 2539 1
236954 2540 1
236955 2541 1
236956 2561 1
236957 2672 1
236958 2694 1
236959 2697 1
236960 2701 1
236961 2703 1
236962 2713 1
236963 2716 1
236964 2720 1
236965 2721 1
236966 2757 1
236967 2769 1
236968 2792 1
236969 2793 1
236970 2795 1
236971 2797 1
236972 2802 1
236973 2828 1
236974 2829 1
236975 2830 1
236976 2833 1
236977 2836 1
236978 2847 1
236979 2848 1
236980 2853 1
236981 2854 1
236982 2855 1
236983 2857 1
236984 2870 1
236985 2872 1
236986 2873 1
236987 2878 1
236988 2880 1
236989 2899 1
236990 2936 1
236991 2985 1
236992 2990 1
236993 2993 1
236994 3650 1
236995 3652 1
236996 3655 1
236997 3658 1
236998 3661 1
236999 3663 1
237000 4152 1
237001 4156 1
237002 4173 1
237003 4177 1
237004 4342 1
237005 4343 1
237006 4346 1
237007 4351 1
237008 4418 1
237009 4449 1
237010 4503 1
237011 4505 1
237012 4507 1
237013 4508 1
237014 4509 1
237015 4536 1
237016 4539 1
237017 4542 1
237018 4547 1
237019 4555 1
237020 4612 1
237021 4613 1
237022 4619 1
237023 4627 1
237024 4629 1
237025 4630 1
237026 4631 1
237027 4633 1
237028 4637 1
237029 4678 1
237030 4679 1
237031 4681 1
237032 4681 1
237033 4682 1
237034 4684 1
237035 4685 1
237036 4686 1
237037 4697 1
237038 4707 1
237039 4711 1
237040 4721 1
237041 4723 1
237042 4743 1
237043 4756 1
237044 4760 1
237045 4858 1
237046 4861 1
237047 4865 1
237048 4868 1
237049 4875 1
237050 4876 1
237051 4877 1
237052 4878 1
237053 5695 1
237054 5698 1
237055 5699 1
237056 5700 1
237057 5702 1
237058 5703 1
237059 5704 1
237060 5705 1
237061 5712 1
237062 5717 1
237063 5723 1
237064 5726 1
237065 5747 1
237066 5749 1
237067 5751 1
237068 5760 1
237069 5763 1
237070 5779 1
237071 5791 1
237072 6447 1
237073 6449 1
237074 6452 1
237075 6453 1
237076 6484 1
237077 6485 1
237078 6486 1
237079 6487 1
237080 6489 1
237081 6492 1
237082 6495 1
237083 6496 1
237084 6500 1
237085 6501 1
237086 6521 1
237087 6522 1
237088 6527 1
237089 6533 1
237090 6722 1
237091 6725 1
237092 6767 1
237093 6777 1
237094 6782 1
237095 6896 1
237096 6997 1
237097 6998 1
237098 7001 1
237099 7017 1
237100 7034 1
237101 7041 1
237102 7045 1
237103 7092 1
237104 7093 1
237105 7128 1
237106 7138 1
237107 7145 1
237108 7146 1
237109 7148 1
237110 7160 1
237111 7162 1
237112 7163 1
237113 7164 1
237114 7165 1
237115 7166 1
237116 7167 1
237117 7172 1
237118 7173 1
237119 7230 1
237120 7236 1
237121 7255 1
237122 7260 1
237123 7286 1
237124 7289 1
237125 7327 1
237126 7330 1
237127 7332 1
237128 7333 1
237129 7335 1
237130 7337 1
237131 7340 1
237132 7349 1
237133 7354 1
237134 7355 1
237135 7356 1
237136 7372 1
237137 7376 1
237138 7378 1
237139 7379 1
237140 7380 1
237141 7383 1
237142 7387 1
237143 7389 1
237144 7395 1
237145 7397 1
237146 7460 1
237147 7462 1
237148 7547 1
237149 7558 1
237150 7579 1
237151 7580 1
237152 7586 1
237153 7588 1
237154 7594 1
237155 7599 1
237156 7605 1
237157 7606 1
237158 9359 1
237159 9379 1
237160 9381 1
237161 9384 1
237162 9402 1
237163 9924 1
237164 10000 1
237165 10001 1
237166 10002 1
237167 10418 1
237168 10436 1
237169 10660 1
237170 10674 1
237171 10675 1
237172 10678 1
237173 10692 1
237174 10693 1
237175 10791 1
237176 10807 1
237177 10857 1
237178 10858 1
237179 10860 1
237180 10889 1
237181 10967 1
237182 10971 1
237183 10972 1
237184 10974 1
237185 10977 1
237186 11023 1
237187 11026 1
237188 11030 1
237189 11038 1
237190 11057 1
237191 11133 1
237192 11139 1
237193 11233 1
237194 11237 1
237195 11249 1
237196 11250 1
237197 11264 1
237198 11277 1
237199 11298 1
237200 11300 1
237201 11301 1
237202 11303 1
237203 11328 1
237204 11329 1
237205 11330 1
237206 11334 1
237207 11335 1
237208 11339 1
237209 11368 1
237210 11455 1
237211 11458 1
237212 11468 1
237213 11471 1
237214 11473 1
237215 11602 1
237216 11634 1
237217 11635 1
237218 11636 1
237219 11638 1
237220 11642 1
237221 11645 1
237222 11646 1
237223 11647 1
237224 11649 1
237225 11666 1
237226 11675 1
237227 11677 1
237228 11683 1
237229 11685 1
237230 11714 1
237231 11715 1
237232 11716 1
237233 12460 1
237234 13462 1
237235 13463 1
237236 13465 1
237237 13466 1
237238 13468 1
237239 13471 1
237240 13475 1
237241 13504 1
237242 13505 1
237243 13509 1
237244 13521 1
237245 13528 1
237246 13533 1
237247 13536 1
237248 13539 1
237249 13650 1
237250 13671 1
237251 14666 1
237252 14668 1
237253 14669 1
237254 14673 1
237255 14953 1
237256 14956 1
237257 14958 1
237258 14960 1
237259 14963 1
237260 14964 1
237261 14966 1
237262 14968 1
237263 14972 1
237264 15007 1
237265 15008 1
237266 15010 1
237267 15050 1
237268 15053 1
237269 15055 1
237270 15058 1
237271 15061 1
237272 15072 1
237273 15075 1
237274 15077 1
237275 15080 1
237276 15086 1
237277 15088 1
237278 15090 1
237279 15108 1
237280 15111 1
237281 15119 1
237282 15126 1
237283 15127 1
237284 15131 1
237285 15138 1
237286 15147 1
237287 15367 1
237288 15370 1
237289 15384 1
237290 15386 1
237291 15389 1
237292 15391 1
237293 15429 1
237294 15445 1
237295 15523 1
237296 15561 1
237297 15563 1
237298 15565 1
237299 15678 1
237300 15723 1
237301 15727 1
237302 15741 1
237303 15742 1
237304 15743 1
237305 15744 1
237306 15764 1
237307 15765 1
237308 15784 1
237309 15799 1
237310 15871 1
237311 15902 1
237312 15906 1
237313 15908 1
237314 15910 1
237315 15939 1
237316 15953 1
237317 15988 1
237318 15989 1
237319 15995 1
237320 16000 1
237321 16001 1
237322 16005 1
237323 16008 1
237324 16038 1
237325 16039 1
237326 16044 1
237327 16051 1
237328 16055 1
237329 16060 1
237330 16061 1
237331 16066 1
237332 16068 1
237333 16070 1
237334 16075 1
237335 16077 1
237336 16082 1
237337 16085 1
237338 16086 1
237339 16088 1
237340 16389 1
237341 16395 1
237342 16400 1
237343 16414 1
237344 16416 1
237345 16455 1
237346 16458 1
237347 16497 1
237348 16558 1
237349 16692 1
237350 16695 1
237351 16697 1
237352 16702 1
237353 16722 1
237354 16743 1
237355 16744 1
237356 16745 1
237357 16753 1
237358 16779 1
237359 16785 1
237360 16890 1
237361 16897 1
237362 16898 1
237363 16903 1
237364 16925 1
237365 16926 1
237366 16929 1
237367 16930 1
237368 16935 1
237369 16953 1
237370 16954 1
237371 17022 1
237372 17157 1
237373 17158 1
237374 17160 1
237375 17161 1
237376 17169 1
237377 17170 1
237378 17172 1
237379 17175 1
237380 17178 1
237381 17287 1
237382 17288 1
237383 17293 1
237384 17303 1
237385 17304 1
237386 17305 1
237387 17306 1
237388 17311 1
237389 17336 1
237390 17338 1
237391 17343 1
237392 17344 1
237393 17371 1
237394 17398 1
237395 17409 1
237396 17415 1
237397 17416 1
237398 18444 1
237399 18445 1
237400 18447 1
237401 18449 1
237402 18464 1
237403 18466 1
237404 20544 1
237405 20622 1
237406 20630 1
237407 20631 1
237408 20633 1
237409 20635 1
237410 20650 1
237411 20651 1
237412 20666 1
237413 20667 1
237414 21411 1
237415 21415 1
237416 21417 1
237417 21419 1
237418 22007 1
237419 22015 1
237420 22197 1
237421 22198 1
237422 22201 1
237423 22226 1
237424 22229 1
237425 22439 1
237426 22481 1
237427 22492 1
237428 22623 1
237429 22626 1
237430 22628 1
237431 22632 1
237432 22638 1
237433 22640 1
237434 22649 1
237435 22746 1
237436 22750 1
237437 22753 1
237438 22764 1
237439 22950 1
237440 22953 1
237441 22955 1
237442 23082 1
237443 23086 1
237444 23087 1
237445 23104 1
237446 23109 1
237447 23112 1
237448 23114 1
237449 23116 1
237450 23119 1
237451 23279 1
237452 23564 1
237453 23568 1
237454 23801 1
237455 23803 1
237456 23925 1
237457 23926 1
237458 23930 1
237459 23932 1
237460 23942 1
237461 23946 1
237462 23949 1
237463 23951 1
237464 23953 1
237465 23959 1
237466 23988 1
237467 24047 1
237468 24065 1
237469 24066 1
237470 24071 1
237471 24122 1
237472 24126 1
237473 24127 1
237474 24135 1
237475 25547 1
237476 25902 1
237477 25904 1
237478 27186 1
237479 27207 1
237480 27208 1
237481 27210 1
237482 27250 1
237483 27258 1
237484 27260 1
237485 27261 1
237486 27263 1
237487 27265 1
237488 27313 1
237489 27324 1
237490 27339 1
237491 27372 1
237492 27378 1
237493 29814 1
237494 29817 1
237495 29822 1
237496 29827 1
237497 29830 1
237498 29843 1
237499 29936 1
237500 29940 1
237501 29945 1
237502 29947 1
237503 30021 1
237504 30033 1
237505 30036 1
237506 30038 1
237507 30077 1
237508 30085 1
237509 30096 1
237510 30110 1
237511 30114 1
237512 30178 1
237513 30180 1
237514 30189 1
237515 30202 1
237516 30378 1
237517 30389 1
237518 30397 1
237519 30398 1
237520 30398 1
237521 30409 1
237522 30423 1
237523 30427 1
237524 30465 1
237525 30483 1
237526 30487 1
237527 30661 1
237528 30745 1
237529 30757 1
237530 30759 1
237531 30760 1
237532 30806 1
237533 30810 1
237534 30812 1
237535 30819 1
237536 30834 1
237537 30836 1
237538 30854 1
237539 30944 1
237540 30987 1
237541 31046 1
237542 31050 1
237543 31052 1
237544 31054 1
237545 31058 1
237546 31142 1
237547 31191 1
237548 31192 1
237549 31196 1
237550 31203 1
237551 31205 1
237552 31207 1
237553 31211 1
237554 31212 1
237555 31230 1
237556 31231 1
237557 31232 1
237558 31236 1
237559 31295 1
237560 31297 1
237561 31315 1
237562 31316 1
237563 31322 1
237564 31331 1
237565 31336 1
237566 31364 1
237567 31367 1
237568 31368 1
237569 31378 1
237570 31400 1
237571 31407 1
237572 31411 1
237573 31415 1
237574 31418 1
237575 32368 1
237576 32371 1
237577 32376 1
237578 32498 1
237579 32526 1
237580 32560 1
237581 32688 1
237582 32690 1
237583 32871 1
237584 32874 1
237585 32875 1
237586 33002 1
237587 33007 1
237588 33015 1
237589 33115 1
237590 33123 1
237591 33129 1
237592 33130 1
237593 33149 1
237594 33190 1
237595 33195 1
237596 33196 1
237597 33199 1
237598 33210 1
237599 33212 1
237600 33216 1
237601 33219 1
237602 33273 1
237603 33575 1
237604 33584 1
237605 33585 1
237606 33586 1
237607 33587 1
237608 33588 1
237609 33590 1
237610 33598 1
237611 33682 1
237612 33694 1
237613 33698 1
237614 33699 1
237615 34007 1
237616 34027 1
237617 34029 1
237618 34030 1
237619 34031 1
237620 34039 1
237621 34044 1
237622 34049 1
237623 34051 1
237624 34053 1
237625 34055 1
237626 34056 1
237627 34059 1
237628 34236 1
237629 34237 1
237630 34246 1
237631 34247 1
237632 34249 1
237633 34250 1
237634 34321 1
237635 34327 1
237636 34332 1
237637 34354 1
237638 34451 1
237639 35899 1
237640 35901 1
237641 35904 1
237642 35905 1
237643 35929 1
237644 35931 1
237645 35933 1
237646 39374 1
237647 39376 1
237648 39502 1
237649 39514 1
237650 39525 1
237651 39541 1
237652 39568 1
237653 39569 1
237654 39578 1
237655 39583 1
237656 39587 1
237657 40261 1
237658 40263 1
237659 40767 1
237660 40917 1
237661 40919 1
237662 40970 1
237663 40971 1
237664 40974 1
237665 40984 1
237666 40985 1
237667 40989 1
237668 40995 1
237669 41266 1
237670 41320 1
237671 41497 1
237672 41501 1
237673 41522 1
237674 41668 1
237675 41735 1
237676 41891 1
237677 41944 1
237678 41946 1
237679 41950 1
237680 42055 1
237681 42056 1
237682 42068 1
237683 42104 1
237684 42106 1
237685 42108 1
237686 42115 1
237687 42130 1
237688 42136 1
237689 42149 1
237690 42151 1
237691 42152 1
237692 42154 1
237693 42169 1
237694 42559 1
237695 42671 1
237696 42771 1
237697 42772 1
237698 43078 1
237699 43081 1
237700 43087 1
237701 43098 1
237702 43099 1
237703 43537 1
237704 43541 1
237705 43547 1
237706 43550 1
237707 43551 1
237708 43555 1
237709 43561 1
237710 43563 1
237711 43755 1
237712 43756 1
237713 43766 1
237714 43784 1
237715 43786 1
237716 43794 1
237717 43802 1
237718 43818 1
237719 43829 1
237720 43830 1
237721 43844 1
237722 43848 1
237723 43850 1
237724 43860 1
237725 44057 1
237726 44175 1
237727 44176 1
237728 44179 1
237729 44190 1
237730 44193 1
237731 44194 1
237732 44208 1
237733 46731 1
237734 47128 1
237735 47142 1
237736 47147 1
237737 47148 1
237738 47853 1
237739 48604 1
237740 48633 1
237741 48634 1
237742 48639 1
237743 48720 1
237744 48722 1
237745 48736 1
237746 48772 1
237747 48908 1
237748 48911 1
237749 48919 1
237750 52824 1
237751 52837 1
237752 52840 1
237753 52992 1
237754 53012 1
237755 53038 1
237756 53072 1
237757 53074 1
237758 53106 1
237759 53107 1
237760 53115 1
237761 53359 1
237762 53376 1
237763 53380 1
237764 53387 1
237765 53392 1
237766 53665 1
237767 53672 1
237768 53740 1
237769 53822 1
237770 53851 1
237771 53952 1
237772 54001 1
237773 54014 1
237774 54161 1
237775 54162 1
237776 54164 1
237777 54168 1
237778 54170 1
237779 54316 1
237780 54319 1
237781 54329 1
237782 54335 1
237783 54337 1
237784 54378 1
237785 54379 1
237786 54430 1
237787 54443 1
237788 54445 1
237789 54446 1
237790 54582 1
237791 54618 1
237792 54620 1
237793 54626 1
237794 54645 1
237795 54649 1
237796 54717 1
237797 54720 1
237798 54721 1
237799 54739 1
237800 54756 1
237801 54757 1
237802 54759 1
237803 54760 1
237804 54773 1
237805 54849 1
237806 54850 1
237807 54851 1
237808 54864 1
237809 54869 1
237810 54898 1
237811 54912 1
237812 54915 1
237813 54916 1
237814 54918 1
237815 54920 1
237816 56616 1
237817 56618 1
237818 56619 1
237819 56672 1
237820 56676 1
237821 56808 1
237822 57048 1
237823 57075 1
237824 57076 1
237825 57209 1
237826 57225 1
237827 57231 1
237828 57981 1
237829 57993 1
237830 57999 1
237831 58235 1
237832 58236 1
237833 58238 1
237834 58241 1
237835 58250 1
237836 58259 1
237837 58314 1
237838 58315 1
237839 58325 1
237840 58326 1
237841 58387 1
237842 58391 1
237843 58392 1
237844 58405 1
237845 58406 1
237846 58433 1
237847 58451 1
237848 58481 1
237849 58598 1
237850 59411 1
237851 59899 1
237852 60108 1
237853 60109 1
237854 60119 1
237855 60247 1
237856 60249 1
237857 60251 1
237858 60255 1
237859 60256 1
237860 60275 1
237861 60276 1
237862 62239 1
237863 62242 1
237864 62248 1
237865 66907 1
237866 66961 1
237867 66963 1
237868 67967 1
237869 68081 1
237870 68084 1
237871 68090 1
237872 68091 1
237873 68094 1
237874 68296 1
237875 68422 1
237876 68426 1
237877 68539 1
237878 68599 1
237879 68604 1
237880 68869 1
237881 68881 1
237882 68955 1
237883 68992 1
237884 69004 1
237885 69006 1
237886 69011 1
237887 69052 1
237888 69867 1
237889 69868 1
237890 69871 1
237891 69872 1
237892 69873 1
237893 69881 1
237894 69882 1
237895 69884 1
237896 69935 1
237897 69936 1
237898 69937 1
237899 69941 1
237900 69956 1
237901 70231 1
237902 70243 1
237903 70245 1
237904 70375 1
237905 70376 1
237906 70377 1
237907 70379 1
237908 70380 1
237909 70386 1
237910 70390 1
237911 70391 1
237912 70396 1
237913 70397 1
237914 70883 1
237915 70887 1
237916 70896 1
237917 70897 1
237918 70941 1
237919 70954 1
237920 70955 1
237921 71298 1
237922 71299 1
237923 71308 1
237924 71310 1
237925 71320 1
237926 71427 1
237927 71454 1
237928 71458 1
237929 71479 1
237930 71878 1
237931 71895 1
237932 75962 1
237933 75965 1
237934 75974 1
237935 76006 1
237936 76008 1
237937 76459 1
237938 77095 1
237939 77097 1
237940 77102 1
237941 77109 1
237942 77253 1
237943 77255 1
237944 77271 1
237945 77274 1
237946 77314 1
237947 82846 1
237948 82908 1
237949 82912 1
237950 82968 1
237951 82989 1
237952 83150 1
237953 83165 1
237954 83369 1
237955 83464 1
237956 83471 1
237957 83965 1
237958 83968 1
237959 83970 1
237960 83984 1
237961 83985 1
237962 83987 1
237963 83990 1
237964 83993 1
237965 83994 1
237966 84260 1
237967 84266 1
237968 84283 1
237969 84353 1
237970 84439 1
237971 84442 1
237972 84536 1
237973 84540 1
237974 84562 1
237975 84586 1
237976 84587 1
237977 84589 1
237978 84818 1
237979 84819 1
237980 84822 1
237981 84823 1
237982 84826 1
237983 84832 1
237984 84994 1
237985 85037 1
237986 85040 1
237987 85097 1
237988 85129 1
237989 85132 1
237990 85135 1
237991 85190 1
237992 85197 1
237993 85199 1
237994 87555 1
237995 87582 1
237996 87738 1
237997 87746 1
237998 87943 1
237999 87949 1
238000 88034 1
238001 88045 1
238002 88461 1
238003 88464 1
238004 88495 1
238005 88496 1
238006 88517 1
238007 88518 1
238008 88527 1
238009 88530 1
238010 88561 1
238011 89130 1
238012 89131 1
238013 89836 1
238014 90198 1
238015 90301 1
238016 90310 1
238017 90317 1
238018 90318 1
238019 90322 1
238020 90327 1
238021 90392 1
238022 90417 1
238023 90418 1
238024 90447 1
238025 90448 1
238026 90450 1
238027 90458 1
238028 90459 1
238029 90471 1
238030 90472 1
238031 90545 1
238032 90573 1
238033 90585 1
238034 90586 1
238035 92334 1
238036 92335 1
238037 92447 1
238038 92449 1
238039 99358 1
238040 99460 1
238041 99466 1
238042 100369 1
238043 100371 1
238044 100384 1
238045 100385 1
238046 100394 1
238047 100396 1
238048 100397 1
238049 100428 1
238050 101136 1
238051 101149 1
238052 101163 1
238053 101186 1
238054 101190 1
238055 102266 1
238056 102267 1
238057 102277 1
238058 102278 1
238059 102390 1
238060 102414 1
238061 102423 1
238062 102432 1
238063 102886 1
238064 103315 1
238065 103316 1
238066 103328 1
238067 103336 1
238068 103337 1
238069 103338 1
238070 103339 1
238071 103403 1
238072 103406 1
238073 103442 1
238074 103443 1
238075 103463 1
238076 104120 1
238077 104121 1
238078 104126 1
238079 104136 1
238080 104228 1
238081 104260 1
238082 104294 1
238083 104300 1
238084 104739 1
238085 104744 1
238086 104768 1
238087 104846 1
238088 109278 1
238089 109280 1
238090 110504 1
238091 110506 1
238092 110511 1
238093 110513 1
238094 110514 1
238095 110515 1
238096 110710 1
238097 116995 1
238098 117614 1
238099 117634 1
238100 117983 1
238101 117999 1
238102 118000 1
238103 118007 1
238104 118039 1
238105 118049 1
238106 118443 1
238107 118558 1
238108 118564 1
238109 118824 1
238110 118825 1
238111 118904 1
238112 119112 1
238113 119127 1
238114 119133 1
238115 119260 1
238116 119264 1
238117 119266 1
238118 119282 1
238119 119284 1
238120 122175 1
238121 122176 1
238122 122187 1
238123 122193 1
238124 122197 1
238125 122200 1
238126 122208 1
238127 122359 1
238128 122360 1
238129 122364 1
238130 122366 1
238131 122372 1
238132 122376 1
238133 122377 1
238134 122382 1
238135 122482 1
238136 122483 1
238137 122949 1
238138 122950 1
238139 123070 1
238140 123086 1
238141 123122 1
238142 123124 1
238143 123126 1
238144 123131 1
238145 123133 1
238146 123145 1
238147 123156 1
238148 123842 1
238149 123843 1
238150 123849 1
238151 123850 1
238152 123861 1
238153 123881 1
238154 123885 1
238155 124689 1
238156 124693 1
238157 125403 1
238158 125405 1
238159 125435 1
238160 125437 1
238161 125463 1
238162 125484 1
238163 125485 1
238164 125487 1
238165 134612 1
238166 135252 1
238167 135266 1
238168 135268 1
238169 135595 1
238170 135876 1
238171 135906 1
238172 137059 1
238173 137109 1
238174 137147 1
238175 137150 1
238176 137187 1
238177 137190 1
238178 137205 1
238179 137903 1
238180 137930 1
238181 138042 1
238182 138101 1
238183 138102 1
238184 138104 1
238185 139350 1
238186 139535 1
238187 139541 1
238188 139546 1
238189 152416 1
238190 152417 1
238191 152898 1
238192 152935 1
238193 152949 1
238194 152959 1
238195 153581 1
238196 153881 1
238197 153956 1
238198 154057 1
238199 154288 1
238200 154445 1
238201 156425 1
238202 156954 1
238203 156956 1
238204 156966 1
238205 156968 1
238206 156982 1
238207 157117 1
238208 157123 1
238209 157525 1
238210 157533 1
238211 157535 1
238212 157536 1
238213 157562 1
238214 157693 1
238215 157705 1
238216 157724 1
238217 157789 1
238218 157791 1
238219 158348 1
238220 158349 1
238221 158353 1
238222 158366 1
238223 158369 1
238224 158421 1
238225 158422 1
238226 159377 1
238227 159387 1
238228 159388 1
238229 159389 1
238230 160075 1
238231 160137 1
238232 167740 1
238233 168590 1
238234 168606 1
238235 168637 1
238236 168684 1
238237 168686 1
238238 169268 1
238239 171153 1
238240 171154 1
238241 171234 1
238242 171239 1
238243 171373 1
238244 171374 1
238245 175850 1
238246 175853 1
238247 182120 1
238248 182149 1
238249 182825 1
238250 183272 1
238251 183641 1
238252 183713 1
238253 183745 1
238254 185519 1
238255 185620 1
238256 185630 1
238257 185648 1
238258 185649 1
238259 185921 1
238260 185928 1
238261 186037 1
238262 186039 1
238263 186060 1
238264 186066 1
238265 186069 1
238266 186071 1
238267 186511 1
238268 186524 1
238269 186593 1
238270 187853 1
238271 187860 1
238272 193104 1
238273 193109 1
238274 193493 1
238275 193508 1
238276 193519 1
238277 204486 1
238278 204493 1
238279 204495 1
238280 204768 1
238281 205966 1
238282 205978 1
238283 206090 1
238284 206433 1
238285 206468 1
238286 210716 1
238287 210718 1
238288 210769 1
238289 217925 1
238290 218352 1
238291 219434 1
238292 219438 1
238293 219739 1
238294 219754 1
238295 222102 1
