# 308 3
11374 1 1
11375 3 1
11376 5 1
11377 7 1
11378 9 1
11379 11 1
11380 13 1
11381 15 1
11382 17 1
11383 19 1
11384 21 1
11385 23 1
11386 25 1
11387 27 1
11388 29 1
11389 31 1
11390 33 1
11391 35 1
11392 37 1
11393 39 1
11394 41 1
11395 43 1
11396 45 1
11397 47 1
11398 49 1
11399 51 1
11400 53 1
11401 55 1
11402 57 1
11403 59 1
11404 61 1
11405 63 1
11406 65 1
11407 67 1
11408 69 1
11409 71 1
11410 73 1
11411 75 1
11412 77 1
11413 79 1
11414 81 1
11415 83 1
11416 85 1
11417 87 1
11418 89 1
11419 91 1
11420 93 1
11421 95 1
11422 97 1
11423 99 1
11424 101 1
11425 103 1
11426 105 1
11427 107 1
11428 109 1
11429 111 1
11430 113 1
11431 115 1
11432 117 1
11433 119 1
11434 11254 1
11435 11256 1
11436 11258 1
11437 11260 1
11438 11262 1
11439 11264 1
11440 11266 1
11441 11268 1
11442 11270 1
11443 11272 1
11444 11274 1
11445 11276 1
11446 11278 1
11447 11280 1
11448 11282 1
11449 11284 1
11450 11286 1
11451 11288 1
11452 11290 1
11453 11292 1
11454 11294 1
11455 11296 1
11456 11298 1
11457 11300 1
11458 11302 1
11459 11304 1
11460 11306 1
11461 11308 1
11462 11310 1
11463 11312 1
11464 11314 1
11465 11316 1
11466 11318 1
11467 11320 1
11468 11322 1
11469 11324 1
11470 11326 1
11471 11328 1
11472 11330 1
11473 11332 1
11474 11334 1
11475 11336 1
11476 11338 1
11477 11340 1
11478 11342 1
11479 11344 1
11480 11346 1
11481 11348 1
11482 11350 1
11483 11352 1
11484 11354 1
11485 11356 1
11486 11358 1
11487 11360 1
11488 11362 1
11489 11364 1
11490 11366 1
11491 11368 1
11492 11370 1
11493 11372 1
11494 120 1
11495 241 1
11496 362 1
11497 483 1
11498 604 1
11499 725 1
11500 846 1
11501 967 1
11502 1088 1
11503 1209 1
11504 1330 1
11505 1451 1
11506 1572 1
11507 1693 1
11508 1814 1
11509 1935 1
11510 2056 1
11511 2177 1
11512 2298 1
11513 2419 1
11514 2540 1
11515 2661 1
11516 2782 1
11517 2903 1
11518 3024 1
11519 3145 1
11520 3266 1
11521 3387 1
11522 3508 1
11523 3629 1
11524 3750 1
11525 3871 1
11526 3992 1
11527 4113 1
11528 4234 1
11529 4355 1
11530 4476 1
11531 4597 1
11532 4718 1
11533 4839 1
11534 4960 1
11535 5081 1
11536 5202 1
11537 5323 1
11538 5444 1
11539 5565 1
11540 5686 1
11541 5807 1
11542 5928 1
11543 6049 1
11544 6170 1
11545 6291 1
11546 6412 1
11547 6533 1
11548 6654 1
11549 6775 1
11550 6896 1
11551 7017 1
11552 7138 1
11553 7259 1
11554 7380 1
11555 7501 1
11556 7622 1
11557 7743 1
11558 7864 1
11559 7985 1
11560 8106 1
11561 8227 1
11562 8348 1
11563 8469 1
11564 8590 1
11565 8711 1
11566 8832 1
11567 8953 1
11568 9074 1
11569 9195 1
11570 9316 1
11571 9437 1
11572 9558 1
11573 9679 1
11574 9800 1
11575 9921 1
11576 10042 1
11577 10163 1
11578 10284 1
11579 10405 1
11580 10526 1
11581 10647 1
11582 10768 1
11583 10889 1
11584 11010 1
11585 11131 1
11586 11252 1
11587 11373 1
11588 0 1
11589 121 1
11590 242 1
11591 363 1
11592 484 1
11593 605 1
11594 726 1
11595 847 1
11596 968 1
11597 1089 1
11598 1210 1
11599 1331 1
11600 1452 1
11601 1573 1
11602 1694 1
11603 1815 1
11604 1936 1
11605 2057 1
11606 2178 1
11607 2299 1
11608 2420 1
11609 2541 1
11610 2662 1
11611 2783 1
11612 2904 1
11613 3025 1
11614 3146 1
11615 3267 1
11616 3388 1
11617 3509 1
11618 3630 1
11619 3751 1
11620 3872 1
11621 3993 1
11622 4114 1
11623 4235 1
11624 4356 1
11625 4477 1
11626 4598 1
11627 4719 1
11628 4840 1
11629 4961 1
11630 5082 1
11631 5203 1
11632 5324 1
11633 5445 1
11634 5566 1
11635 5687 1
11636 5808 1
11637 5929 1
11638 6050 1
11639 6171 1
11640 6292 1
11641 6413 1
11642 6534 1
11643 6655 1
11644 6776 1
11645 6897 1
11646 7018 1
11647 7139 1
11648 7260 1
11649 7381 1
11650 7502 1
11651 7623 1
11652 7744 1
11653 7865 1
11654 7986 1
11655 8107 1
11656 8228 1
11657 8349 1
11658 8470 1
11659 8591 1
11660 8712 1
11661 8833 1
11662 8954 1
11663 9075 1
11664 9196 1
11665 9317 1
11666 9438 1
11667 9559 1
11668 9680 1
11669 9801 1
11670 9922 1
11671 10043 1
11672 10164 1
11673 10285 1
11674 10406 1
11675 10527 1
11676 10648 1
11677 10769 1
11678 10890 1
11679 11011 1
11680 11132 1
11681 11253 1
