# 6150 1
1.53807250E-10
1.53807250E-10
1.53807250E-10
1.53807250E-10
1.53807250E-10
1.53807250E-10
1.53807250E-10
1.53807250E-10
1.53807250E-10
1.53807250E-10
1.53807250E-10
1.53807250E-10
1.53807250E-10
1.53807250E-10
1.53807250E-10
1.53807250E-10
1.53807250E-10
1.53807250E-10
1.53807250E-10
1.53807250E-10
1.53807250E-10
1.53807250E-10
1.53807250E-10
1.53807250E-10
1.53807250E-10
1.53807250E-10
1.53807250E-10
1.53807250E-10
1.53807250E-10
1.53807250E-10
1.53807250E-10
1.53807250E-10
1.53807250E-10
1.53807250E-10
1.53807250E-10
1.53807250E-10
1.53807250E-10
1.53807250E-10
1.53807250E-10
1.53807250E-10
1.53807250E-10
1.53807250E-10
1.53807250E-10
1.53807250E-10
1.53807250E-10
1.53807250E-10
1.53807250E-10
1.53807250E-10
1.53807250E-10
1.53807250E-10
1.53807250E-10
1.53807250E-10
1.53807250E-10
1.53807250E-10
1.53807250E-10
1.53807250E-10
1.53807250E-10
1.53807250E-10
1.53807250E-10
1.53807250E-10
1.53807250E-10
3.24492855E-10
3.24492855E-10
3.24492855E-10
3.24492855E-10
3.24492855E-10
3.24492855E-10
3.24492855E-10
3.24492855E-10
3.24492855E-10
3.24492855E-10
3.24492855E-10
3.24492855E-10
3.24492855E-10
3.24492855E-10
3.24492855E-10
3.24492855E-10
3.24492855E-10
3.24492855E-10
3.24492855E-10
3.24492855E-10
3.24492855E-10
3.24492855E-10
3.24492855E-10
3.24492855E-10
3.24492855E-10
3.24492855E-10
3.24492855E-10
3.24492855E-10
3.24492855E-10
3.24492855E-10
3.24492855E-10
3.24492855E-10
3.24492855E-10
3.24492855E-10
3.24492855E-10
3.24492855E-10
3.24492855E-10
3.24492855E-10
3.24492855E-10
3.24492855E-10
3.24492855E-10
3.24492855E-10
3.24492855E-10
3.24492855E-10
3.24492855E-10
3.24492855E-10
3.24492855E-10
3.24492855E-10
3.24492855E-10
3.24492855E-10
3.24492855E-10
3.24492855E-10
3.24492855E-10
3.24492855E-10
3.24492855E-10
3.24492855E-10
3.24492855E-10
3.24492855E-10
3.24492855E-10
3.24492855E-10
3.24492855E-10
3.24492855E-10
6.84594599E-10
6.84594599E-10
6.84594599E-10
6.84594599E-10
6.84594599E-10
6.84594599E-10
6.84594599E-10
6.84594599E-10
6.84594599E-10
6.84594599E-10
6.84594599E-10
6.84594599E-10
6.84594599E-10
6.84594599E-10
6.84594599E-10
6.84594599E-10
6.84594599E-10
6.84594599E-10
6.84594599E-10
6.84594599E-10
6.84594599E-10
6.84594599E-10
6.84594599E-10
6.84594599E-10
6.84594599E-10
6.84594599E-10
6.84594599E-10
6.84594599E-10
6.84594599E-10
6.84594599E-10
6.84594599E-10
6.84594599E-10
6.84594599E-10
6.84594599E-10
6.84594599E-10
6.84594599E-10
6.84594599E-10
6.84594599E-10
6.84594599E-10
6.84594599E-10
6.84594599E-10
6.84594599E-10
6.84594599E-10
6.84594599E-10
6.84594599E-10
6.84594599E-10
6.84594599E-10
6.84594599E-10
6.84594599E-10
6.84594599E-10
6.84594599E-10
6.84594599E-10
6.84594599E-10
6.84594599E-10
6.84594599E-10
6.84594599E-10
6.84594599E-10
6.84594599E-10
6.84594599E-10
6.84594599E-10
6.84594599E-10
1.44431458E-09
1.44431458E-09
1.44431458E-09
1.44431458E-09
1.44431458E-09
1.44431458E-09
1.44431458E-09
1.44431458E-09
1.44431458E-09
1.44431458E-09
1.44431458E-09
1.44431458E-09
1.44431458E-09
1.44431458E-09
1.44431458E-09
1.44431458E-09
1.44431458E-09
1.44431458E-09
1.44431458E-09
1.44431458E-09
1.44431458E-09
1.44431458E-09
1.44431458E-09
1.44431458E-09
1.44431458E-09
1.44431458E-09
1.44431458E-09
1.44431458E-09
1.44431458E-09
1.44431458E-09
1.44431458E-09
1.44431458E-09
1.44431458E-09
1.44431458E-09
1.44431458E-09
1.44431458E-09
1.44431458E-09
1.44431458E-09
1.44431458E-09
1.44431458E-09
1.44431458E-09
1.44431458E-09
1.44431458E-09
1.44431458E-09
1.44431458E-09
1.44431458E-09
1.44431458E-09
1.44431458E-09
1.44431458E-09
1.44431458E-09
1.44431458E-09
1.44431458E-09
1.44431458E-09
1.44431458E-09
1.44431458E-09
1.44431458E-09
1.44431458E-09
1.44431458E-09
1.44431458E-09
1.44431458E-09
1.44431458E-09
1.44431458E-09
3.04712393E-09
3.04712393E-09
3.04712393E-09
3.04712393E-09
3.04712393E-09
3.04712393E-09
3.04712393E-09
3.04712393E-09
3.04712393E-09
3.04712393E-09
3.04712393E-09
3.04712393E-09
3.04712393E-09
3.04712393E-09
3.04712393E-09
3.04712393E-09
3.04712393E-09
3.04712393E-09
3.04712393E-09
3.04712393E-09
3.04712393E-09
3.04712393E-09
3.04712393E-09
3.04712393E-09
3.04712393E-09
3.04712393E-09
3.04712393E-09
3.04712393E-09
3.04712393E-09
3.04712393E-09
3.04712393E-09
3.04712393E-09
3.04712393E-09
3.04712393E-09
3.04712393E-09
3.04712393E-09
3.04712393E-09
3.04712393E-09
3.04712393E-09
3.04712393E-09
3.04712393E-09
3.04712393E-09
3.04712393E-09
3.04712393E-09
3.04712393E-09
3.04712393E-09
3.04712393E-09
3.04712393E-09
3.04712393E-09
3.04712393E-09
3.04712393E-09
3.04712393E-09
3.04712393E-09
3.04712393E-09
3.04712393E-09
3.04712393E-09
3.04712393E-09
3.04712393E-09
3.04712393E-09
3.04712393E-09
3.04712393E-09
6.42862997E-09
6.42862997E-09
6.42862997E-09
6.42862997E-09
6.42862997E-09
6.42862997E-09
6.42862997E-09
6.42862997E-09
6.42862997E-09
6.42862997E-09
6.42862997E-09
6.42862997E-09
6.42862997E-09
6.42862997E-09
6.42862997E-09
6.42862997E-09
6.42862997E-09
6.42862997E-09
6.42862997E-09
6.42862997E-09
6.42862997E-09
6.42862997E-09
6.42862997E-09
6.42862997E-09
6.42862997E-09
6.42862997E-09
6.42862997E-09
6.42862997E-09
6.42862997E-09
6.42862997E-09
6.42862997E-09
6.42862997E-09
6.42862997E-09
6.42862997E-09
6.42862997E-09
6.42862997E-09
6.42862997E-09
6.42862997E-09
6.42862997E-09
6.42862997E-09
6.42862997E-09
6.42862997E-09
6.42862997E-09
6.42862997E-09
6.42862997E-09
6.42862997E-09
6.42862997E-09
6.42862997E-09
6.42862997E-09
6.42862997E-09
6.42862997E-09
6.42862997E-09
6.42862997E-09
6.42862997E-09
6.42862997E-09
6.42862997E-09
6.42862997E-09
6.42862997E-09
6.42862997E-09
6.42862997E-09
6.42862997E-09
6.42862997E-09
1.35627174E-08
1.35627174E-08
1.35627174E-08
1.35627174E-08
1.35627174E-08
1.35627174E-08
1.35627174E-08
1.35627174E-08
1.35627174E-08
1.35627174E-08
1.35627174E-08
1.35627174E-08
1.35627174E-08
1.35627174E-08
1.35627174E-08
1.35627174E-08
1.35627174E-08
1.35627174E-08
1.35627174E-08
1.35627174E-08
1.35627174E-08
1.35627174E-08
1.35627174E-08
1.35627174E-08
1.35627174E-08
1.35627174E-08
1.35627174E-08
1.35627174E-08
1.35627174E-08
1.35627174E-08
1.35627174E-08
1.35627174E-08
1.35627174E-08
1.35627174E-08
1.35627174E-08
1.35627174E-08
1.35627174E-08
1.35627174E-08
1.35627174E-08
1.35627174E-08
1.35627174E-08
1.35627174E-08
1.35627174E-08
1.35627174E-08
1.35627174E-08
1.35627174E-08
1.35627174E-08
1.35627174E-08
1.35627174E-08
1.35627174E-08
1.35627174E-08
1.35627174E-08
1.35627174E-08
1.35627174E-08
1.35627174E-08
1.35627174E-08
1.35627174E-08
1.35627174E-08
1.35627174E-08
1.35627174E-08
1.35627174E-08
2.86137609E-08
2.86137609E-08
2.86137609E-08
2.86137609E-08
2.86137609E-08
2.86137609E-08
2.86137609E-08
2.86137609E-08
2.86137609E-08
2.86137609E-08
2.86137609E-08
2.86137609E-08
2.86137609E-08
2.86137609E-08
2.86137609E-08
2.86137609E-08
2.86137609E-08
2.86137609E-08
2.86137609E-08
2.86137609E-08
2.86137609E-08
2.86137609E-08
2.86137609E-08
2.86137609E-08
2.86137609E-08
2.86137609E-08
2.86137609E-08
2.86137609E-08
2.86137609E-08
2.86137609E-08
2.86137609E-08
2.86137609E-08
2.86137609E-08
2.86137609E-08
2.86137609E-08
2.86137609E-08
2.86137609E-08
2.86137609E-08
2.86137609E-08
2.86137609E-08
2.86137609E-08
2.86137609E-08
2.86137609E-08
2.86137609E-08
2.86137609E-08
2.86137609E-08
2.86137609E-08
2.86137609E-08
2.86137609E-08
2.86137609E-08
2.86137609E-08
2.86137609E-08
2.86137609E-08
2.86137609E-08
2.86137609E-08
2.86137609E-08
2.86137609E-08
2.86137609E-08
2.86137609E-08
2.86137609E-08
2.86137609E-08
2.86137609E-08
6.03674820E-08
6.03674820E-08
6.03674820E-08
6.03674820E-08
6.03674820E-08
6.03674820E-08
6.03674820E-08
6.03674820E-08
6.03674820E-08
6.03674820E-08
6.03674820E-08
6.03674820E-08
6.03674820E-08
6.03674820E-08
6.03674820E-08
6.03674820E-08
6.03674820E-08
6.03674820E-08
6.03674820E-08
6.03674820E-08
6.03674820E-08
6.03674820E-08
6.03674820E-08
6.03674820E-08
6.03674820E-08
6.03674820E-08
6.03674820E-08
6.03674820E-08
6.03674820E-08
6.03674820E-08
6.03674820E-08
6.03674820E-08
6.03674820E-08
6.03674820E-08
6.03674820E-08
6.03674820E-08
6.03674820E-08
6.03674820E-08
6.03674820E-08
6.03674820E-08
6.03674820E-08
6.03674820E-08
6.03674820E-08
6.03674820E-08
6.03674820E-08
6.03674820E-08
6.03674820E-08
6.03674820E-08
6.03674820E-08
6.03674820E-08
6.03674820E-08
6.03674820E-08
6.03674820E-08
6.03674820E-08
6.03674820E-08
6.03674820E-08
6.03674820E-08
6.03674820E-08
6.03674820E-08
6.03674820E-08
6.03674820E-08
1.27359381E-07
1.27359381E-07
1.27359381E-07
1.27359381E-07
1.27359381E-07
1.27359381E-07
1.27359381E-07
1.27359381E-07
1.27359381E-07
1.27359381E-07
1.27359381E-07
1.27359381E-07
1.27359381E-07
1.27359381E-07
1.27359381E-07
1.27359381E-07
1.27359381E-07
1.27359381E-07
1.27359381E-07
1.27359381E-07
1.27359381E-07
1.27359381E-07
1.27359381E-07
1.27359381E-07
1.27359381E-07
1.27359381E-07
1.27359381E-07
1.27359381E-07
1.27359381E-07
1.27359381E-07
1.27359381E-07
1.27359381E-07
1.27359381E-07
1.27359381E-07
1.27359381E-07
1.27359381E-07
1.27359381E-07
1.27359381E-07
1.27359381E-07
1.27359381E-07
1.27359381E-07
1.27359381E-07
1.27359381E-07
1.27359381E-07
1.27359381E-07
1.27359381E-07
1.27359381E-07
1.27359381E-07
1.27359381E-07
1.27359381E-07
1.27359381E-07
1.27359381E-07
1.27359381E-07
1.27359381E-07
1.27359381E-07
1.27359381E-07
1.27359381E-07
1.27359381E-07
1.27359381E-07
1.27359381E-07
1.27359381E-07
1.27359381E-07
2.68694214E-07
2.68694214E-07
2.68694214E-07
2.68694214E-07
2.68694214E-07
2.68694214E-07
2.68694214E-07
2.68694214E-07
2.68694214E-07
2.68694214E-07
2.68694214E-07
2.68694214E-07
2.68694214E-07
2.68694214E-07
2.68694214E-07
2.68694214E-07
2.68694214E-07
2.68694214E-07
2.68694214E-07
2.68694214E-07
2.68694214E-07
2.68694214E-07
2.68694214E-07
2.68694214E-07
2.68694214E-07
2.68694214E-07
2.68694214E-07
2.68694214E-07
2.68694214E-07
2.68694214E-07
2.68694214E-07
2.68694214E-07
2.68694214E-07
2.68694214E-07
2.68694214E-07
2.68694214E-07
2.68694214E-07
2.68694214E-07
2.68694214E-07
2.68694214E-07
2.68694214E-07
2.68694214E-07
2.68694214E-07
2.68694214E-07
2.68694214E-07
2.68694214E-07
2.68694214E-07
2.68694214E-07
2.68694214E-07
2.68694214E-07
2.68694214E-07
2.68694214E-07
2.68694214E-07
2.68694214E-07
2.68694214E-07
2.68694214E-07
2.68694214E-07
2.68694214E-07
2.68694214E-07
2.68694214E-07
2.68694214E-07
5.66871501E-07
5.66871501E-07
5.66871501E-07
5.66871501E-07
5.66871501E-07
5.66871501E-07
5.66871501E-07
5.66871501E-07
5.66871501E-07
5.66871501E-07
5.66871501E-07
5.66871501E-07
5.66871501E-07
5.66871501E-07
5.66871501E-07
5.66871501E-07
5.66871501E-07
5.66871501E-07
5.66871501E-07
5.66871501E-07
5.66871501E-07
5.66871501E-07
5.66871501E-07
5.66871501E-07
5.66871501E-07
5.66871501E-07
5.66871501E-07
5.66871501E-07
5.66871501E-07
5.66871501E-07
5.66871501E-07
5.66871501E-07
5.66871501E-07
5.66871501E-07
5.66871501E-07
5.66871501E-07
5.66871501E-07
5.66871501E-07
5.66871501E-07
5.66871501E-07
5.66871501E-07
5.66871501E-07
5.66871501E-07
5.66871501E-07
5.66871501E-07
5.66871501E-07
5.66871501E-07
5.66871501E-07
5.66871501E-07
5.66871501E-07
5.66871501E-07
5.66871501E-07
5.66871501E-07
5.66871501E-07
5.66871501E-07
5.66871501E-07
5.66871501E-07
5.66871501E-07
5.66871501E-07
5.66871501E-07
5.66871501E-07
5.66871501E-07
1.19593806E-06
1.19593806E-06
1.19593806E-06
1.19593806E-06
1.19593806E-06
1.19593806E-06
1.19593806E-06
1.19593806E-06
1.19593806E-06
1.19593806E-06
1.19593806E-06
1.19593806E-06
1.19593806E-06
1.19593806E-06
1.19593806E-06
1.19593806E-06
1.19593806E-06
1.19593806E-06
1.19593806E-06
1.19593806E-06
1.19593806E-06
1.19593806E-06
1.19593806E-06
1.19593806E-06
1.19593806E-06
1.19593806E-06
1.19593806E-06
1.19593806E-06
1.19593806E-06
1.19593806E-06
1.19593806E-06
1.19593806E-06
1.19593806E-06
1.19593806E-06
1.19593806E-06
1.19593806E-06
1.19593806E-06
1.19593806E-06
1.19593806E-06
1.19593806E-06
1.19593806E-06
1.19593806E-06
1.19593806E-06
1.19593806E-06
1.19593806E-06
1.19593806E-06
1.19593806E-06
1.19593806E-06
1.19593806E-06
1.19593806E-06
1.19593806E-06
1.19593806E-06
1.19593806E-06
1.19593806E-06
1.19593806E-06
1.19593806E-06
1.19593806E-06
1.19593806E-06
1.19593806E-06
1.19593806E-06
1.19593806E-06
2.52306254E-06
2.52306254E-06
2.52306254E-06
2.52306254E-06
2.52306254E-06
2.52306254E-06
2.52306254E-06
2.52306254E-06
2.52306254E-06
2.52306254E-06
2.52306254E-06
2.52306254E-06
2.52306254E-06
2.52306254E-06
2.52306254E-06
2.52306254E-06
2.52306254E-06
2.52306254E-06
2.52306254E-06
2.52306254E-06
2.52306254E-06
2.52306254E-06
2.52306254E-06
2.52306254E-06
2.52306254E-06
2.52306254E-06
2.52306254E-06
2.52306254E-06
2.52306254E-06
2.52306254E-06
2.52306254E-06
2.52306254E-06
2.52306254E-06
2.52306254E-06
2.52306254E-06
2.52306254E-06
2.52306254E-06
2.52306254E-06
2.52306254E-06
2.52306254E-06
2.52306254E-06
2.52306254E-06
2.52306254E-06
2.52306254E-06
2.52306254E-06
2.52306254E-06
2.52306254E-06
2.52306254E-06
2.52306254E-06
2.52306254E-06
2.52306254E-06
2.52306254E-06
2.52306254E-06
2.52306254E-06
2.52306254E-06
2.52306254E-06
2.52306254E-06
2.52306254E-06
2.52306254E-06
2.52306254E-06
2.52306254E-06
2.52306254E-06
5.32276568E-06
5.32276568E-06
5.32276568E-06
5.32276568E-06
5.32276568E-06
5.32276568E-06
5.32276568E-06
5.32276568E-06
5.32276568E-06
5.32276568E-06
5.32276568E-06
5.32276568E-06
5.32276568E-06
5.32276568E-06
5.32276568E-06
5.32276568E-06
5.32276568E-06
5.32276568E-06
5.32276568E-06
5.32276568E-06
5.32276568E-06
5.32276568E-06
5.32276568E-06
5.32276568E-06
5.32276568E-06
5.32276568E-06
5.32276568E-06
5.32276568E-06
5.32276568E-06
5.32276568E-06
5.32276568E-06
5.32276568E-06
5.32276568E-06
5.32276568E-06
5.32276568E-06
5.32276568E-06
5.32276568E-06
5.32276568E-06
5.32276568E-06
5.32276568E-06
5.32276568E-06
5.32276568E-06
5.32276568E-06
5.32276568E-06
5.32276568E-06
5.32276568E-06
5.32276568E-06
5.32276568E-06
5.32276568E-06
5.32276568E-06
5.32276568E-06
5.32276568E-06
5.32276568E-06
5.32276568E-06
5.32276568E-06
5.32276568E-06
5.32276568E-06
5.32276568E-06
5.32276568E-06
5.32276568E-06
5.32276568E-06
1.12285996E-05
1.12285996E-05
1.12285996E-05
1.12285996E-05
1.12285996E-05
1.12285996E-05
1.12285996E-05
1.12285996E-05
1.12285996E-05
1.12285996E-05
1.12285996E-05
1.12285996E-05
1.12285996E-05
1.12285996E-05
1.12285996E-05
1.12285996E-05
1.12285996E-05
1.12285996E-05
1.12285996E-05
1.12285996E-05
1.12285996E-05
1.12285996E-05
1.12285996E-05
1.12285996E-05
1.12285996E-05
1.12285996E-05
1.12285996E-05
1.12285996E-05
1.12285996E-05
1.12285996E-05
1.12285996E-05
1.12285996E-05
1.12285996E-05
1.12285996E-05
1.12285996E-05
1.12285996E-05
1.12285996E-05
1.12285996E-05
1.12285996E-05
1.12285996E-05
1.12285996E-05
1.12285996E-05
1.12285996E-05
1.12285996E-05
1.12285996E-05
1.12285996E-05
1.12285996E-05
1.12285996E-05
1.12285996E-05
1.12285996E-05
1.12285996E-05
1.12285996E-05
1.12285996E-05
1.12285996E-05
1.12285996E-05
1.12285996E-05
1.12285996E-05
1.12285996E-05
1.12285996E-05
1.12285996E-05
1.12285996E-05
1.12285996E-05
2.36847808E-05
2.36847808E-05
2.36847808E-05
2.36847808E-05
2.36847808E-05
2.36847808E-05
2.36847808E-05
2.36847808E-05
2.36847808E-05
2.36847808E-05
2.36847808E-05
2.36847808E-05
2.36847808E-05
2.36847808E-05
2.36847808E-05
2.36847808E-05
2.36847808E-05
2.36847808E-05
2.36847808E-05
2.36847808E-05
2.36847808E-05
2.36847808E-05
2.36847808E-05
2.36847808E-05
2.36847808E-05
2.36847808E-05
2.36847808E-05
2.36847808E-05
2.36847808E-05
2.36847808E-05
2.36847808E-05
2.36847808E-05
2.36847808E-05
2.36847808E-05
2.36847808E-05
2.36847808E-05
2.36847808E-05
2.36847808E-05
2.36847808E-05
2.36847808E-05
2.36847808E-05
2.36847808E-05
2.36847808E-05
2.36847808E-05
2.36847808E-05
2.36847808E-05
2.36847808E-05
2.36847808E-05
2.36847808E-05
2.36847808E-05
2.36847808E-05
2.36847808E-05
2.36847808E-05
2.36847808E-05
2.36847808E-05
2.36847808E-05
2.36847808E-05
2.36847808E-05
2.36847808E-05
2.36847808E-05
2.36847808E-05
4.99481410E-05
4.99481410E-05
4.99481410E-05
4.99481410E-05
4.99481410E-05
4.99481410E-05
4.99481410E-05
4.99481410E-05
4.99481410E-05
4.99481410E-05
4.99481410E-05
4.99481410E-05
4.99481410E-05
4.99481410E-05
4.99481410E-05
4.99481410E-05
4.99481410E-05
4.99481410E-05
4.99481410E-05
4.99481410E-05
4.99481410E-05
4.99481410E-05
4.99481410E-05
4.99481410E-05
4.99481410E-05
4.99481410E-05
4.99481410E-05
4.99481410E-05
4.99481410E-05
4.99481410E-05
4.99481410E-05
4.99481410E-05
4.99481410E-05
4.99481410E-05
4.99481410E-05
4.99481410E-05
4.99481410E-05
4.99481410E-05
4.99481410E-05
4.99481410E-05
4.99481410E-05
4.99481410E-05
4.99481410E-05
4.99481410E-05
4.99481410E-05
4.99481410E-05
4.99481410E-05
4.99481410E-05
4.99481410E-05
4.99481410E-05
4.99481410E-05
4.99481410E-05
4.99481410E-05
4.99481410E-05
4.99481410E-05
4.99481410E-05
4.99481410E-05
4.99481410E-05
4.99481410E-05
4.99481410E-05
4.99481410E-05
4.99481410E-05
1.05286203E-04
1.05286203E-04
1.05286203E-04
1.05286203E-04
1.05286203E-04
1.05286203E-04
1.05286203E-04
1.05286203E-04
1.05286203E-04
1.05286203E-04
1.05286203E-04
1.05286203E-04
1.05286203E-04
1.05286203E-04
1.05286203E-04
1.05286203E-04
1.05286203E-04
1.05286203E-04
1.05286203E-04
1.05286203E-04
1.05286203E-04
1.05286203E-04
1.05286203E-04
1.05286203E-04
1.05286203E-04
1.05286203E-04
1.05286203E-04
1.05286203E-04
1.05286203E-04
1.05286203E-04
1.05286203E-04
1.05286203E-04
1.05286203E-04
1.05286203E-04
1.05286203E-04
1.05286203E-04
1.05286203E-04
1.05286203E-04
1.05286203E-04
1.05286203E-04
1.05286203E-04
1.05286203E-04
1.05286203E-04
1.05286203E-04
1.05286203E-04
1.05286203E-04
1.05286203E-04
1.05286203E-04
1.05286203E-04
1.05286203E-04
1.05286203E-04
1.05286203E-04
1.05286203E-04
1.05286203E-04
1.05286203E-04
1.05286203E-04
1.05286203E-04
1.05286203E-04
1.05286203E-04
1.05286203E-04
1.05286203E-04
2.21720907E-04
2.21720907E-04
2.21720907E-04
2.21720907E-04
2.21720907E-04
2.21720907E-04
2.21720907E-04
2.21720907E-04
2.21720907E-04
2.21720907E-04
2.21720907E-04
2.21720907E-04
2.21720907E-04
2.21720907E-04
2.21720907E-04
2.21720907E-04
2.21720907E-04
2.21720907E-04
2.21720907E-04
2.21720907E-04
2.21720907E-04
2.21720907E-04
2.21720907E-04
2.21720907E-04
2.21720907E-04
2.21720907E-04
2.21720907E-04
2.21720907E-04
2.21720907E-04
2.21720907E-04
2.21720907E-04
2.21720907E-04
2.21720907E-04
2.21720907E-04
2.21720907E-04
2.21720907E-04
2.21720907E-04
2.21720907E-04
2.21720907E-04
2.21720907E-04
2.21720907E-04
2.21720907E-04
2.21720907E-04
2.21720907E-04
2.21720907E-04
2.21720907E-04
2.21720907E-04
2.21720907E-04
2.21720907E-04
2.21720907E-04
2.21720907E-04
2.21720907E-04
2.21720907E-04
2.21720907E-04
2.21720907E-04
2.21720907E-04
2.21720907E-04
2.21720907E-04
2.21720907E-04
2.21720907E-04
2.21720907E-04
2.21720907E-04
4.65976497E-04
4.65976497E-04
4.65976497E-04
4.65976497E-04
4.65976497E-04
4.65976497E-04
4.65976497E-04
4.65976497E-04
4.65976497E-04
4.65976497E-04
4.65976497E-04
4.65976497E-04
4.65976497E-04
4.65976497E-04
4.65976497E-04
4.65976497E-04
4.65976497E-04
4.65976497E-04
4.65976497E-04
4.65976497E-04
4.65976497E-04
4.65976497E-04
4.65976497E-04
4.65976497E-04
4.65976497E-04
4.65976497E-04
4.65976497E-04
4.65976497E-04
4.65976497E-04
4.65976497E-04
4.65976497E-04
4.65976497E-04
4.65976497E-04
4.65976497E-04
4.65976497E-04
4.65976497E-04
4.65976497E-04
4.65976497E-04
4.65976497E-04
4.65976497E-04
4.65976497E-04
4.65976497E-04
4.65976497E-04
4.65976497E-04
4.65976497E-04
4.65976497E-04
4.65976497E-04
4.65976497E-04
4.65976497E-04
4.65976497E-04
4.65976497E-04
4.65976497E-04
4.65976497E-04
4.65976497E-04
4.65976497E-04
4.65976497E-04
4.65976497E-04
4.65976497E-04
4.65976497E-04
4.65976497E-04
4.65976497E-04
9.75163769E-04
9.75163769E-04
9.75163769E-04
9.75163769E-04
9.75163769E-04
9.75163769E-04
9.75163769E-04
9.75163769E-04
9.75163769E-04
9.75163769E-04
9.75163769E-04
9.75163769E-04
9.75163769E-04
9.75163769E-04
9.75163769E-04
9.75163769E-04
9.75163769E-04
9.75163769E-04
9.75163769E-04
9.75163769E-04
9.75163769E-04
9.75163769E-04
9.75163769E-04
9.75163769E-04
9.75163769E-04
9.75163769E-04
9.75163769E-04
9.75163769E-04
9.75163769E-04
9.75163769E-04
9.75163769E-04
9.75163769E-04
9.75163769E-04
9.75163769E-04
9.75163769E-04
9.75163769E-04
9.75163769E-04
9.75163769E-04
9.75163769E-04
9.75163769E-04
9.75163769E-04
9.75163769E-04
9.75163769E-04
9.75163769E-04
9.75163769E-04
9.75163769E-04
9.75163769E-04
9.75163769E-04
9.75163769E-04
9.75163769E-04
9.75163769E-04
9.75163769E-04
9.75163769E-04
9.75163769E-04
9.75163769E-04
9.75163769E-04
9.75163769E-04
9.75163769E-04
9.75163769E-04
9.75163769E-04
9.75163769E-04
9.75163769E-04
2.02272546E-03
2.02272546E-03
2.02272546E-03
2.02272546E-03
2.02272546E-03
2.02272546E-03
2.02272546E-03
2.02272546E-03
2.02272546E-03
2.02272546E-03
2.02272546E-03
2.02272546E-03
2.02272546E-03
2.02272546E-03
2.02272546E-03
2.02272546E-03
2.02272546E-03
2.02272546E-03
2.02272546E-03
2.02272546E-03
2.02272546E-03
2.02272546E-03
2.02272546E-03
2.02272546E-03
2.02272546E-03
2.02272546E-03
2.02272546E-03
2.02272546E-03
2.02272546E-03
2.02272546E-03
2.02272546E-03
2.02272546E-03
2.02272546E-03
2.02272546E-03
2.02272546E-03
2.02272546E-03
2.02272546E-03
2.02272546E-03
2.02272546E-03
2.02272546E-03
2.02272546E-03
2.02272546E-03
2.02272546E-03
2.02272546E-03
2.02272546E-03
2.02272546E-03
2.02272546E-03
2.02272546E-03
2.02272546E-03
2.02272546E-03
2.02272546E-03
2.02272546E-03
2.02272546E-03
2.02272546E-03
2.02272546E-03
2.02272546E-03
2.02272546E-03
2.02272546E-03
2.02272546E-03
2.02272546E-03
2.02272546E-03
4.11927540E-03
4.11927540E-03
4.11927540E-03
4.11927540E-03
4.11927540E-03
4.11927540E-03
4.11927540E-03
4.11927540E-03
4.11927540E-03
4.11927540E-03
4.11927540E-03
4.11927540E-03
4.11927540E-03
4.11927540E-03
4.11927540E-03
4.11927540E-03
4.11927540E-03
4.11927540E-03
4.11927540E-03
4.11927540E-03
4.11927540E-03
4.11927540E-03
4.11927540E-03
4.11927540E-03
4.11927540E-03
4.11927540E-03
4.11927540E-03
4.11927540E-03
4.11927540E-03
4.11927540E-03
4.11927540E-03
4.11927540E-03
4.11927540E-03
4.11927540E-03
4.11927540E-03
4.11927540E-03
4.11927540E-03
4.11927540E-03
4.11927540E-03
4.11927540E-03
4.11927540E-03
4.11927540E-03
4.11927540E-03
4.11927540E-03
4.11927540E-03
4.11927540E-03
4.11927540E-03
4.11927540E-03
4.11927540E-03
4.11927540E-03
4.11927540E-03
4.11927540E-03
4.11927540E-03
4.11927540E-03
4.11927540E-03
4.11927540E-03
4.11927540E-03
4.11927540E-03
4.11927540E-03
4.11927540E-03
4.11927540E-03
4.11927540E-03
8.08237891E-03
8.08237891E-03
8.08237891E-03
8.08237891E-03
8.08237891E-03
8.08237891E-03
8.08237891E-03
8.08237891E-03
8.08237891E-03
8.08237891E-03
8.08237891E-03
8.08237891E-03
8.08237891E-03
8.08237891E-03
8.08237891E-03
8.08237891E-03
8.08237891E-03
8.08237891E-03
8.08237891E-03
8.08237891E-03
8.08237891E-03
8.08237891E-03
8.08237891E-03
8.08237891E-03
8.08237891E-03
8.08237891E-03
8.08237891E-03
8.08237891E-03
8.08237891E-03
8.08237891E-03
8.08237891E-03
8.08237891E-03
8.08237891E-03
8.08237891E-03
8.08237891E-03
8.08237891E-03
8.08237891E-03
8.08237891E-03
8.08237891E-03
8.08237891E-03
8.08237891E-03
8.08237891E-03
8.08237891E-03
8.08237891E-03
8.08237891E-03
8.08237891E-03
8.08237891E-03
8.08237891E-03
8.08237891E-03
8.08237891E-03
8.08237891E-03
8.08237891E-03
8.08237891E-03
8.08237891E-03
8.08237891E-03
8.08237891E-03
8.08237891E-03
8.08237891E-03
8.08237891E-03
8.08237891E-03
8.08237891E-03
1.47508945E-02
1.47508945E-02
1.47508945E-02
1.47508945E-02
1.47508945E-02
1.47508945E-02
1.47508945E-02
1.47508945E-02
1.47508945E-02
1.47508945E-02
1.47508945E-02
1.47508945E-02
1.47508945E-02
1.47508945E-02
1.47508945E-02
1.47508945E-02
1.47508945E-02
1.47508945E-02
1.47508945E-02
1.47508945E-02
1.47508945E-02
1.47508945E-02
1.47508945E-02
1.47508945E-02
1.47508945E-02
1.47508945E-02
1.47508945E-02
1.47508945E-02
1.47508945E-02
1.47508945E-02
1.47508945E-02
1.47508945E-02
1.47508945E-02
1.47508945E-02
1.47508945E-02
1.47508945E-02
1.47508945E-02
1.47508945E-02
1.47508945E-02
1.47508945E-02
1.47508945E-02
1.47508945E-02
1.47508945E-02
1.47508945E-02
1.47508945E-02
1.47508945E-02
1.47508945E-02
1.47508945E-02
1.47508945E-02
1.47508945E-02
1.47508945E-02
1.47508945E-02
1.47508945E-02
1.47508945E-02
1.47508945E-02
1.47508945E-02
1.47508945E-02
1.47508945E-02
1.47508945E-02
1.47508945E-02
1.47508945E-02
1.47508945E-02
2.36346434E-02
2.36346434E-02
2.36346434E-02
2.36346434E-02
2.36346434E-02
2.36346434E-02
2.36346434E-02
2.36346434E-02
2.36346434E-02
2.36346434E-02
2.36346434E-02
2.36346434E-02
2.36346434E-02
2.36346434E-02
2.36346434E-02
2.36346434E-02
2.36346434E-02
2.36346434E-02
2.36346434E-02
2.36346434E-02
2.36346434E-02
2.36346434E-02
2.36346434E-02
2.36346434E-02
2.36346434E-02
2.36346434E-02
2.36346434E-02
2.36346434E-02
2.36346434E-02
2.36346434E-02
2.36346434E-02
2.36346434E-02
2.36346434E-02
2.36346434E-02
2.36346434E-02
2.36346434E-02
2.36346434E-02
2.36346434E-02
2.36346434E-02
2.36346434E-02
2.36346434E-02
2.36346434E-02
2.36346434E-02
2.36346434E-02
2.36346434E-02
2.36346434E-02
2.36346434E-02
2.36346434E-02
2.36346434E-02
2.36346434E-02
2.36346434E-02
2.36346434E-02
2.36346434E-02
2.36346434E-02
2.36346434E-02
2.36346434E-02
2.36346434E-02
2.36346434E-02
2.36346434E-02
2.36346434E-02
2.36346434E-02
3.08581743E-02
3.08581743E-02
3.08581743E-02
3.08581743E-02
3.08581743E-02
3.08581743E-02
3.08581743E-02
3.08581743E-02
3.08581743E-02
3.08581743E-02
3.08581743E-02
3.08581743E-02
3.08581743E-02
3.08581743E-02
3.08581743E-02
3.08581743E-02
3.08581743E-02
3.08581743E-02
3.08581743E-02
3.08581743E-02
3.08581743E-02
3.08581743E-02
3.08581743E-02
3.08581743E-02
3.08581743E-02
3.08581743E-02
3.08581743E-02
3.08581743E-02
3.08581743E-02
3.08581743E-02
3.08581743E-02
3.08581743E-02
3.08581743E-02
3.08581743E-02
3.08581743E-02
3.08581743E-02
3.08581743E-02
3.08581743E-02
3.08581743E-02
3.08581743E-02
3.08581743E-02
3.08581743E-02
3.08581743E-02
3.08581743E-02
3.08581743E-02
3.08581743E-02
3.08581743E-02
3.08581743E-02
3.08581743E-02
3.08581743E-02
3.08581743E-02
3.08581743E-02
3.08581743E-02
3.08581743E-02
3.08581743E-02
3.08581743E-02
3.08581743E-02
3.08581743E-02
3.08581743E-02
3.08581743E-02
3.08581743E-02
3.08581743E-02
3.09620189E-02
3.09620189E-02
3.09620189E-02
3.09620189E-02
3.09620189E-02
3.09620189E-02
3.09620189E-02
3.09620189E-02
3.09620189E-02
3.09620189E-02
3.09620189E-02
3.09620189E-02
3.09620189E-02
3.09620189E-02
3.09620189E-02
3.09620189E-02
3.09620189E-02
3.09620189E-02
3.09620189E-02
3.09620189E-02
3.09620189E-02
3.09620189E-02
3.09620189E-02
3.09620189E-02
3.09620189E-02
3.09620189E-02
3.09620189E-02
3.09620189E-02
3.09620189E-02
3.09620189E-02
3.09620189E-02
3.09620189E-02
3.09620189E-02
3.09620189E-02
3.09620189E-02
3.09620189E-02
3.09620189E-02
3.09620189E-02
3.09620189E-02
3.09620189E-02
3.09620189E-02
3.09620189E-02
3.09620189E-02
3.09620189E-02
3.09620189E-02
3.09620189E-02
3.09620189E-02
3.09620189E-02
3.09620189E-02
3.09620189E-02
3.09620189E-02
3.09620189E-02
3.09620189E-02
3.09620189E-02
3.09620189E-02
3.09620189E-02
3.09620189E-02
3.09620189E-02
3.09620189E-02
3.09620189E-02
3.09620189E-02
2.38542446E-02
2.38542446E-02
2.38542446E-02
2.38542446E-02
2.38542446E-02
2.38542446E-02
2.38542446E-02
2.38542446E-02
2.38542446E-02
2.38542446E-02
2.38542446E-02
2.38542446E-02
2.38542446E-02
2.38542446E-02
2.38542446E-02
2.38542446E-02
2.38542446E-02
2.38542446E-02
2.38542446E-02
2.38542446E-02
2.38542446E-02
2.38542446E-02
2.38542446E-02
2.38542446E-02
2.38542446E-02
2.38542446E-02
2.38542446E-02
2.38542446E-02
2.38542446E-02
2.38542446E-02
2.38542446E-02
2.38542446E-02
2.38542446E-02
2.38542446E-02
2.38542446E-02
2.38542446E-02
2.38542446E-02
2.38542446E-02
2.38542446E-02
2.38542446E-02
2.38542446E-02
2.38542446E-02
2.38542446E-02
2.38542446E-02
2.38542446E-02
2.38542446E-02
2.38542446E-02
2.38542446E-02
2.38542446E-02
2.38542446E-02
2.38542446E-02
2.38542446E-02
2.38542446E-02
2.38542446E-02
2.38542446E-02
2.38542446E-02
2.38542446E-02
2.38542446E-02
2.38542446E-02
2.38542446E-02
2.38542446E-02
2.38542446E-02
1.49488460E-02
1.49488460E-02
1.49488460E-02
1.49488460E-02
1.49488460E-02
1.49488460E-02
1.49488460E-02
1.49488460E-02
1.49488460E-02
1.49488460E-02
1.49488460E-02
1.49488460E-02
1.49488460E-02
1.49488460E-02
1.49488460E-02
1.49488460E-02
1.49488460E-02
1.49488460E-02
1.49488460E-02
1.49488460E-02
1.49488460E-02
1.49488460E-02
1.49488460E-02
1.49488460E-02
1.49488460E-02
1.49488460E-02
1.49488460E-02
1.49488460E-02
1.49488460E-02
1.49488460E-02
1.49488460E-02
1.49488460E-02
1.49488460E-02
1.49488460E-02
1.49488460E-02
1.49488460E-02
1.49488460E-02
1.49488460E-02
1.49488460E-02
1.49488460E-02
1.49488460E-02
1.49488460E-02
1.49488460E-02
1.49488460E-02
1.49488460E-02
1.49488460E-02
1.49488460E-02
1.49488460E-02
1.49488460E-02
1.49488460E-02
1.49488460E-02
1.49488460E-02
1.49488460E-02
1.49488460E-02
1.49488460E-02
1.49488460E-02
1.49488460E-02
1.49488460E-02
1.49488460E-02
1.49488460E-02
1.49488460E-02
8.21044769E-03
8.21044769E-03
8.21044769E-03
8.21044769E-03
8.21044769E-03
8.21044769E-03
8.21044769E-03
8.21044769E-03
8.21044769E-03
8.21044769E-03
8.21044769E-03
8.21044769E-03
8.21044769E-03
8.21044769E-03
8.21044769E-03
8.21044769E-03
8.21044769E-03
8.21044769E-03
8.21044769E-03
8.21044769E-03
8.21044769E-03
8.21044769E-03
8.21044769E-03
8.21044769E-03
8.21044769E-03
8.21044769E-03
8.21044769E-03
8.21044769E-03
8.21044769E-03
8.21044769E-03
8.21044769E-03
8.21044769E-03
8.21044769E-03
8.21044769E-03
8.21044769E-03
8.21044769E-03
8.21044769E-03
8.21044769E-03
8.21044769E-03
8.21044769E-03
8.21044769E-03
8.21044769E-03
8.21044769E-03
8.21044769E-03
8.21044769E-03
8.21044769E-03
8.21044769E-03
8.21044769E-03
8.21044769E-03
8.21044769E-03
8.21044769E-03
8.21044769E-03
8.21044769E-03
8.21044769E-03
8.21044769E-03
8.21044769E-03
8.21044769E-03
8.21044769E-03
8.21044769E-03
8.21044769E-03
8.21044769E-03
8.21044769E-03
4.18984213E-03
4.18984213E-03
4.18984213E-03
4.18984213E-03
4.18984213E-03
4.18984213E-03
4.18984213E-03
4.18984213E-03
4.18984213E-03
4.18984213E-03
4.18984213E-03
4.18984213E-03
4.18984213E-03
4.18984213E-03
4.18984213E-03
4.18984213E-03
4.18984213E-03
4.18984213E-03
4.18984213E-03
4.18984213E-03
4.18984213E-03
4.18984213E-03
4.18984213E-03
4.18984213E-03
4.18984213E-03
4.18984213E-03
4.18984213E-03
4.18984213E-03
4.18984213E-03
4.18984213E-03
4.18984213E-03
4.18984213E-03
4.18984213E-03
4.18984213E-03
4.18984213E-03
4.18984213E-03
4.18984213E-03
4.18984213E-03
4.18984213E-03
4.18984213E-03
4.18984213E-03
4.18984213E-03
4.18984213E-03
4.18984213E-03
4.18984213E-03
4.18984213E-03
4.18984213E-03
4.18984213E-03
4.18984213E-03
4.18984213E-03
4.18984213E-03
4.18984213E-03
4.18984213E-03
4.18984213E-03
4.18984213E-03
4.18984213E-03
4.18984213E-03
4.18984213E-03
4.18984213E-03
4.18984213E-03
4.18984213E-03
2.05867906E-03
2.05867906E-03
2.05867906E-03
2.05867906E-03
2.05867906E-03
2.05867906E-03
2.05867906E-03
2.05867906E-03
2.05867906E-03
2.05867906E-03
2.05867906E-03
2.05867906E-03
2.05867906E-03
2.05867906E-03
2.05867906E-03
2.05867906E-03
2.05867906E-03
2.05867906E-03
2.05867906E-03
2.05867906E-03
2.05867906E-03
2.05867906E-03
2.05867906E-03
2.05867906E-03
2.05867906E-03
2.05867906E-03
2.05867906E-03
2.05867906E-03
2.05867906E-03
2.05867906E-03
2.05867906E-03
2.05867906E-03
2.05867906E-03
2.05867906E-03
2.05867906E-03
2.05867906E-03
2.05867906E-03
2.05867906E-03
2.05867906E-03
2.05867906E-03
2.05867906E-03
2.05867906E-03
2.05867906E-03
2.05867906E-03
2.05867906E-03
2.05867906E-03
2.05867906E-03
2.05867906E-03
2.05867906E-03
2.05867906E-03
2.05867906E-03
2.05867906E-03
2.05867906E-03
2.05867906E-03
2.05867906E-03
2.05867906E-03
2.05867906E-03
2.05867906E-03
2.05867906E-03
2.05867906E-03
2.05867906E-03
2.05867906E-03
9.92802897E-04
9.92802897E-04
9.92802897E-04
9.92802897E-04
9.92802897E-04
9.92802897E-04
9.92802897E-04
9.92802897E-04
9.92802897E-04
9.92802897E-04
9.92802897E-04
9.92802897E-04
9.92802897E-04
9.92802897E-04
9.92802897E-04
9.92802897E-04
9.92802897E-04
9.92802897E-04
9.92802897E-04
9.92802897E-04
9.92802897E-04
9.92802897E-04
9.92802897E-04
9.92802897E-04
9.92802897E-04
9.92802897E-04
9.92802897E-04
9.92802897E-04
9.92802897E-04
9.92802897E-04
9.92802897E-04
9.92802897E-04
9.92802897E-04
9.92802897E-04
9.92802897E-04
9.92802897E-04
9.92802897E-04
9.92802897E-04
9.92802897E-04
9.92802897E-04
9.92802897E-04
9.92802897E-04
9.92802897E-04
9.92802897E-04
9.92802897E-04
9.92802897E-04
9.92802897E-04
9.92802897E-04
9.92802897E-04
9.92802897E-04
9.92802897E-04
9.92802897E-04
9.92802897E-04
9.92802897E-04
9.92802897E-04
9.92802897E-04
9.92802897E-04
9.92802897E-04
9.92802897E-04
9.92802897E-04
9.92802897E-04
4.74475405E-04
4.74475405E-04
4.74475405E-04
4.74475405E-04
4.74475405E-04
4.74475405E-04
4.74475405E-04
4.74475405E-04
4.74475405E-04
4.74475405E-04
4.74475405E-04
4.74475405E-04
4.74475405E-04
4.74475405E-04
4.74475405E-04
4.74475405E-04
4.74475405E-04
4.74475405E-04
4.74475405E-04
4.74475405E-04
4.74475405E-04
4.74475405E-04
4.74475405E-04
4.74475405E-04
4.74475405E-04
4.74475405E-04
4.74475405E-04
4.74475405E-04
4.74475405E-04
4.74475405E-04
4.74475405E-04
4.74475405E-04
4.74475405E-04
4.74475405E-04
4.74475405E-04
4.74475405E-04
4.74475405E-04
4.74475405E-04
4.74475405E-04
4.74475405E-04
4.74475405E-04
4.74475405E-04
4.74475405E-04
4.74475405E-04
4.74475405E-04
4.74475405E-04
4.74475405E-04
4.74475405E-04
4.74475405E-04
4.74475405E-04
4.74475405E-04
4.74475405E-04
4.74475405E-04
4.74475405E-04
4.74475405E-04
4.74475405E-04
4.74475405E-04
4.74475405E-04
4.74475405E-04
4.74475405E-04
4.74475405E-04
4.74475405E-04
2.25780774E-04
2.25780774E-04
2.25780774E-04
2.25780774E-04
2.25780774E-04
2.25780774E-04
2.25780774E-04
2.25780774E-04
2.25780774E-04
2.25780774E-04
2.25780774E-04
2.25780774E-04
2.25780774E-04
2.25780774E-04
2.25780774E-04
2.25780774E-04
2.25780774E-04
2.25780774E-04
2.25780774E-04
2.25780774E-04
2.25780774E-04
2.25780774E-04
2.25780774E-04
2.25780774E-04
2.25780774E-04
2.25780774E-04
2.25780774E-04
2.25780774E-04
2.25780774E-04
2.25780774E-04
2.25780774E-04
2.25780774E-04
2.25780774E-04
2.25780774E-04
2.25780774E-04
2.25780774E-04
2.25780774E-04
2.25780774E-04
2.25780774E-04
2.25780774E-04
2.25780774E-04
2.25780774E-04
2.25780774E-04
2.25780774E-04
2.25780774E-04
2.25780774E-04
2.25780774E-04
2.25780774E-04
2.25780774E-04
2.25780774E-04
2.25780774E-04
2.25780774E-04
2.25780774E-04
2.25780774E-04
2.25780774E-04
2.25780774E-04
2.25780774E-04
2.25780774E-04
2.25780774E-04
2.25780774E-04
2.25780774E-04
1.07217662E-04
1.07217662E-04
1.07217662E-04
1.07217662E-04
1.07217662E-04
1.07217662E-04
1.07217662E-04
1.07217662E-04
1.07217662E-04
1.07217662E-04
1.07217662E-04
1.07217662E-04
1.07217662E-04
1.07217662E-04
1.07217662E-04
1.07217662E-04
1.07217662E-04
1.07217662E-04
1.07217662E-04
1.07217662E-04
1.07217662E-04
1.07217662E-04
1.07217662E-04
1.07217662E-04
1.07217662E-04
1.07217662E-04
1.07217662E-04
1.07217662E-04
1.07217662E-04
1.07217662E-04
1.07217662E-04
1.07217662E-04
1.07217662E-04
1.07217662E-04
1.07217662E-04
1.07217662E-04
1.07217662E-04
1.07217662E-04
1.07217662E-04
1.07217662E-04
1.07217662E-04
1.07217662E-04
1.07217662E-04
1.07217662E-04
1.07217662E-04
1.07217662E-04
1.07217662E-04
1.07217662E-04
1.07217662E-04
1.07217662E-04
1.07217662E-04
1.07217662E-04
1.07217662E-04
1.07217662E-04
1.07217662E-04
1.07217662E-04
1.07217662E-04
1.07217662E-04
1.07217662E-04
1.07217662E-04
1.07217662E-04
1.07217662E-04
5.08652411E-05
5.08652411E-05
5.08652411E-05
5.08652411E-05
5.08652411E-05
5.08652411E-05
5.08652411E-05
5.08652411E-05
5.08652411E-05
5.08652411E-05
5.08652411E-05
5.08652411E-05
5.08652411E-05
5.08652411E-05
5.08652411E-05
5.08652411E-05
5.08652411E-05
5.08652411E-05
5.08652411E-05
5.08652411E-05
5.08652411E-05
5.08652411E-05
5.08652411E-05
5.08652411E-05
5.08652411E-05
5.08652411E-05
5.08652411E-05
5.08652411E-05
5.08652411E-05
5.08652411E-05
5.08652411E-05
5.08652411E-05
5.08652411E-05
5.08652411E-05
5.08652411E-05
5.08652411E-05
5.08652411E-05
5.08652411E-05
5.08652411E-05
5.08652411E-05
5.08652411E-05
5.08652411E-05
5.08652411E-05
5.08652411E-05
5.08652411E-05
5.08652411E-05
5.08652411E-05
5.08652411E-05
5.08652411E-05
5.08652411E-05
5.08652411E-05
5.08652411E-05
5.08652411E-05
5.08652411E-05
5.08652411E-05
5.08652411E-05
5.08652411E-05
5.08652411E-05
5.08652411E-05
5.08652411E-05
5.08652411E-05
2.41198401E-05
2.41198401E-05
2.41198401E-05
2.41198401E-05
2.41198401E-05
2.41198401E-05
2.41198401E-05
2.41198401E-05
2.41198401E-05
2.41198401E-05
2.41198401E-05
2.41198401E-05
2.41198401E-05
2.41198401E-05
2.41198401E-05
2.41198401E-05
2.41198401E-05
2.41198401E-05
2.41198401E-05
2.41198401E-05
2.41198401E-05
2.41198401E-05
2.41198401E-05
2.41198401E-05
2.41198401E-05
2.41198401E-05
2.41198401E-05
2.41198401E-05
2.41198401E-05
2.41198401E-05
2.41198401E-05
2.41198401E-05
2.41198401E-05
2.41198401E-05
2.41198401E-05
2.41198401E-05
2.41198401E-05
2.41198401E-05
2.41198401E-05
2.41198401E-05
2.41198401E-05
2.41198401E-05
2.41198401E-05
2.41198401E-05
2.41198401E-05
2.41198401E-05
2.41198401E-05
2.41198401E-05
2.41198401E-05
2.41198401E-05
2.41198401E-05
2.41198401E-05
2.41198401E-05
2.41198401E-05
2.41198401E-05
2.41198401E-05
2.41198401E-05
2.41198401E-05
2.41198401E-05
2.41198401E-05
2.41198401E-05
2.41198401E-05
1.14348956E-05
1.14348956E-05
1.14348956E-05
1.14348956E-05
1.14348956E-05
1.14348956E-05
1.14348956E-05
1.14348956E-05
1.14348956E-05
1.14348956E-05
1.14348956E-05
1.14348956E-05
1.14348956E-05
1.14348956E-05
1.14348956E-05
1.14348956E-05
1.14348956E-05
1.14348956E-05
1.14348956E-05
1.14348956E-05
1.14348956E-05
1.14348956E-05
1.14348956E-05
1.14348956E-05
1.14348956E-05
1.14348956E-05
1.14348956E-05
1.14348956E-05
1.14348956E-05
1.14348956E-05
1.14348956E-05
1.14348956E-05
1.14348956E-05
1.14348956E-05
1.14348956E-05
1.14348956E-05
1.14348956E-05
1.14348956E-05
1.14348956E-05
1.14348956E-05
1.14348956E-05
1.14348956E-05
1.14348956E-05
1.14348956E-05
1.14348956E-05
1.14348956E-05
1.14348956E-05
1.14348956E-05
1.14348956E-05
1.14348956E-05
1.14348956E-05
1.14348956E-05
1.14348956E-05
1.14348956E-05
1.14348956E-05
1.14348956E-05
1.14348956E-05
1.14348956E-05
1.14348956E-05
1.14348956E-05
1.14348956E-05
5.42056669E-06
5.42056669E-06
5.42056669E-06
5.42056669E-06
5.42056669E-06
5.42056669E-06
5.42056669E-06
5.42056669E-06
5.42056669E-06
5.42056669E-06
5.42056669E-06
5.42056669E-06
5.42056669E-06
5.42056669E-06
5.42056669E-06
5.42056669E-06
5.42056669E-06
5.42056669E-06
5.42056669E-06
5.42056669E-06
5.42056669E-06
5.42056669E-06
5.42056669E-06
5.42056669E-06
5.42056669E-06
5.42056669E-06
5.42056669E-06
5.42056669E-06
5.42056669E-06
5.42056669E-06
5.42056669E-06
5.42056669E-06
5.42056669E-06
5.42056669E-06
5.42056669E-06
5.42056669E-06
5.42056669E-06
5.42056669E-06
5.42056669E-06
5.42056669E-06
5.42056669E-06
5.42056669E-06
5.42056669E-06
5.42056669E-06
5.42056669E-06
5.42056669E-06
5.42056669E-06
5.42056669E-06
5.42056669E-06
5.42056669E-06
5.42056669E-06
5.42056669E-06
5.42056669E-06
5.42056669E-06
5.42056669E-06
5.42056669E-06
5.42056669E-06
5.42056669E-06
5.42056669E-06
5.42056669E-06
5.42056669E-06
5.42056669E-06
2.56942360E-06
2.56942360E-06
2.56942360E-06
2.56942360E-06
2.56942360E-06
2.56942360E-06
2.56942360E-06
2.56942360E-06
2.56942360E-06
2.56942360E-06
2.56942360E-06
2.56942360E-06
2.56942360E-06
2.56942360E-06
2.56942360E-06
2.56942360E-06
2.56942360E-06
2.56942360E-06
2.56942360E-06
2.56942360E-06
2.56942360E-06
2.56942360E-06
2.56942360E-06
2.56942360E-06
2.56942360E-06
2.56942360E-06
2.56942360E-06
2.56942360E-06
2.56942360E-06
2.56942360E-06
2.56942360E-06
2.56942360E-06
2.56942360E-06
2.56942360E-06
2.56942360E-06
2.56942360E-06
2.56942360E-06
2.56942360E-06
2.56942360E-06
2.56942360E-06
2.56942360E-06
2.56942360E-06
2.56942360E-06
2.56942360E-06
2.56942360E-06
2.56942360E-06
2.56942360E-06
2.56942360E-06
2.56942360E-06
2.56942360E-06
2.56942360E-06
2.56942360E-06
2.56942360E-06
2.56942360E-06
2.56942360E-06
2.56942360E-06
2.56942360E-06
2.56942360E-06
2.56942360E-06
2.56942360E-06
2.56942360E-06
1.21791379E-06
1.21791379E-06
1.21791379E-06
1.21791379E-06
1.21791379E-06
1.21791379E-06
1.21791379E-06
1.21791379E-06
1.21791379E-06
1.21791379E-06
1.21791379E-06
1.21791379E-06
1.21791379E-06
1.21791379E-06
1.21791379E-06
1.21791379E-06
1.21791379E-06
1.21791379E-06
1.21791379E-06
1.21791379E-06
1.21791379E-06
1.21791379E-06
1.21791379E-06
1.21791379E-06
1.21791379E-06
1.21791379E-06
1.21791379E-06
1.21791379E-06
1.21791379E-06
1.21791379E-06
1.21791379E-06
1.21791379E-06
1.21791379E-06
1.21791379E-06
1.21791379E-06
1.21791379E-06
1.21791379E-06
1.21791379E-06
1.21791379E-06
1.21791379E-06
1.21791379E-06
1.21791379E-06
1.21791379E-06
1.21791379E-06
1.21791379E-06
1.21791379E-06
1.21791379E-06
1.21791379E-06
1.21791379E-06
1.21791379E-06
1.21791379E-06
1.21791379E-06
1.21791379E-06
1.21791379E-06
1.21791379E-06
1.21791379E-06
1.21791379E-06
1.21791379E-06
1.21791379E-06
1.21791379E-06
1.21791379E-06
1.21791379E-06
5.77288041E-07
5.77288041E-07
5.77288041E-07
5.77288041E-07
5.77288041E-07
5.77288041E-07
5.77288041E-07
5.77288041E-07
5.77288041E-07
5.77288041E-07
5.77288041E-07
5.77288041E-07
5.77288041E-07
5.77288041E-07
5.77288041E-07
5.77288041E-07
5.77288041E-07
5.77288041E-07
5.77288041E-07
5.77288041E-07
5.77288041E-07
5.77288041E-07
5.77288041E-07
5.77288041E-07
5.77288041E-07
5.77288041E-07
5.77288041E-07
5.77288041E-07
5.77288041E-07
5.77288041E-07
5.77288041E-07
5.77288041E-07
5.77288041E-07
5.77288041E-07
5.77288041E-07
5.77288041E-07
5.77288041E-07
5.77288041E-07
5.77288041E-07
5.77288041E-07
5.77288041E-07
5.77288041E-07
5.77288041E-07
5.77288041E-07
5.77288041E-07
5.77288041E-07
5.77288041E-07
5.77288041E-07
5.77288041E-07
5.77288041E-07
5.77288041E-07
5.77288041E-07
5.77288041E-07
5.77288041E-07
5.77288041E-07
5.77288041E-07
5.77288041E-07
5.77288041E-07
5.77288041E-07
5.77288041E-07
5.77288041E-07
2.73631625E-07
2.73631625E-07
2.73631625E-07
2.73631625E-07
2.73631625E-07
2.73631625E-07
2.73631625E-07
2.73631625E-07
2.73631625E-07
2.73631625E-07
2.73631625E-07
2.73631625E-07
2.73631625E-07
2.73631625E-07
2.73631625E-07
2.73631625E-07
2.73631625E-07
2.73631625E-07
2.73631625E-07
2.73631625E-07
2.73631625E-07
2.73631625E-07
2.73631625E-07
2.73631625E-07
2.73631625E-07
2.73631625E-07
2.73631625E-07
2.73631625E-07
2.73631625E-07
2.73631625E-07
2.73631625E-07
2.73631625E-07
2.73631625E-07
2.73631625E-07
2.73631625E-07
2.73631625E-07
2.73631625E-07
2.73631625E-07
2.73631625E-07
2.73631625E-07
2.73631625E-07
2.73631625E-07
2.73631625E-07
2.73631625E-07
2.73631625E-07
2.73631625E-07
2.73631625E-07
2.73631625E-07
2.73631625E-07
2.73631625E-07
2.73631625E-07
2.73631625E-07
2.73631625E-07
2.73631625E-07
2.73631625E-07
2.73631625E-07
2.73631625E-07
2.73631625E-07
2.73631625E-07
2.73631625E-07
2.73631625E-07
2.73631625E-07
1.29699688E-07
1.29699688E-07
1.29699688E-07
1.29699688E-07
1.29699688E-07
1.29699688E-07
1.29699688E-07
1.29699688E-07
1.29699688E-07
1.29699688E-07
1.29699688E-07
1.29699688E-07
1.29699688E-07
1.29699688E-07
1.29699688E-07
1.29699688E-07
1.29699688E-07
1.29699688E-07
1.29699688E-07
1.29699688E-07
1.29699688E-07
1.29699688E-07
1.29699688E-07
1.29699688E-07
1.29699688E-07
1.29699688E-07
1.29699688E-07
1.29699688E-07
1.29699688E-07
1.29699688E-07
1.29699688E-07
1.29699688E-07
1.29699688E-07
1.29699688E-07
1.29699688E-07
1.29699688E-07
1.29699688E-07
1.29699688E-07
1.29699688E-07
1.29699688E-07
1.29699688E-07
1.29699688E-07
1.29699688E-07
1.29699688E-07
1.29699688E-07
1.29699688E-07
1.29699688E-07
1.29699688E-07
1.29699688E-07
1.29699688E-07
1.29699688E-07
1.29699688E-07
1.29699688E-07
1.29699688E-07
1.29699688E-07
1.29699688E-07
1.29699688E-07
1.29699688E-07
1.29699688E-07
1.29699688E-07
1.29699688E-07
6.14767729E-08
6.14767729E-08
6.14767729E-08
6.14767729E-08
6.14767729E-08
6.14767729E-08
6.14767729E-08
6.14767729E-08
6.14767729E-08
6.14767729E-08
6.14767729E-08
6.14767729E-08
6.14767729E-08
6.14767729E-08
6.14767729E-08
6.14767729E-08
6.14767729E-08
6.14767729E-08
6.14767729E-08
6.14767729E-08
6.14767729E-08
6.14767729E-08
6.14767729E-08
6.14767729E-08
6.14767729E-08
6.14767729E-08
6.14767729E-08
6.14767729E-08
6.14767729E-08
6.14767729E-08
6.14767729E-08
6.14767729E-08
6.14767729E-08
6.14767729E-08
6.14767729E-08
6.14767729E-08
6.14767729E-08
6.14767729E-08
6.14767729E-08
6.14767729E-08
6.14767729E-08
6.14767729E-08
6.14767729E-08
6.14767729E-08
6.14767729E-08
6.14767729E-08
6.14767729E-08
6.14767729E-08
6.14767729E-08
6.14767729E-08
6.14767729E-08
6.14767729E-08
6.14767729E-08
6.14767729E-08
6.14767729E-08
6.14767729E-08
6.14767729E-08
6.14767729E-08
6.14767729E-08
6.14767729E-08
6.14767729E-08
6.14767729E-08
2.91395572E-08
2.91395572E-08
2.91395572E-08
2.91395572E-08
2.91395572E-08
2.91395572E-08
2.91395572E-08
2.91395572E-08
2.91395572E-08
2.91395572E-08
2.91395572E-08
2.91395572E-08
2.91395572E-08
2.91395572E-08
2.91395572E-08
2.91395572E-08
2.91395572E-08
2.91395572E-08
2.91395572E-08
2.91395572E-08
2.91395572E-08
2.91395572E-08
2.91395572E-08
2.91395572E-08
2.91395572E-08
2.91395572E-08
2.91395572E-08
2.91395572E-08
2.91395572E-08
2.91395572E-08
2.91395572E-08
2.91395572E-08
2.91395572E-08
2.91395572E-08
2.91395572E-08
2.91395572E-08
2.91395572E-08
2.91395572E-08
2.91395572E-08
2.91395572E-08
2.91395572E-08
2.91395572E-08
2.91395572E-08
2.91395572E-08
2.91395572E-08
2.91395572E-08
2.91395572E-08
2.91395572E-08
2.91395572E-08
2.91395572E-08
2.91395572E-08
2.91395572E-08
2.91395572E-08
2.91395572E-08
2.91395572E-08
2.91395572E-08
2.91395572E-08
2.91395572E-08
2.91395572E-08
2.91395572E-08
2.91395572E-08
1.38119412E-08
1.38119412E-08
1.38119412E-08
1.38119412E-08
1.38119412E-08
1.38119412E-08
1.38119412E-08
1.38119412E-08
1.38119412E-08
1.38119412E-08
1.38119412E-08
1.38119412E-08
1.38119412E-08
1.38119412E-08
1.38119412E-08
1.38119412E-08
1.38119412E-08
1.38119412E-08
1.38119412E-08
1.38119412E-08
1.38119412E-08
1.38119412E-08
1.38119412E-08
1.38119412E-08
1.38119412E-08
1.38119412E-08
1.38119412E-08
1.38119412E-08
1.38119412E-08
1.38119412E-08
1.38119412E-08
1.38119412E-08
1.38119412E-08
1.38119412E-08
1.38119412E-08
1.38119412E-08
1.38119412E-08
1.38119412E-08
1.38119412E-08
1.38119412E-08
1.38119412E-08
1.38119412E-08
1.38119412E-08
1.38119412E-08
1.38119412E-08
1.38119412E-08
1.38119412E-08
1.38119412E-08
1.38119412E-08
1.38119412E-08
1.38119412E-08
1.38119412E-08
1.38119412E-08
1.38119412E-08
1.38119412E-08
1.38119412E-08
1.38119412E-08
1.38119412E-08
1.38119412E-08
1.38119412E-08
1.38119412E-08
1.38119412E-08
6.54676024E-09
6.54676024E-09
6.54676024E-09
6.54676024E-09
6.54676024E-09
6.54676024E-09
6.54676024E-09
6.54676024E-09
6.54676024E-09
6.54676024E-09
6.54676024E-09
6.54676024E-09
6.54676024E-09
6.54676024E-09
6.54676024E-09
6.54676024E-09
6.54676024E-09
6.54676024E-09
6.54676024E-09
6.54676024E-09
6.54676024E-09
6.54676024E-09
6.54676024E-09
6.54676024E-09
6.54676024E-09
6.54676024E-09
6.54676024E-09
6.54676024E-09
6.54676024E-09
6.54676024E-09
6.54676024E-09
6.54676024E-09
6.54676024E-09
6.54676024E-09
6.54676024E-09
6.54676024E-09
6.54676024E-09
6.54676024E-09
6.54676024E-09
6.54676024E-09
6.54676024E-09
6.54676024E-09
6.54676024E-09
6.54676024E-09
6.54676024E-09
6.54676024E-09
6.54676024E-09
6.54676024E-09
6.54676024E-09
6.54676024E-09
6.54676024E-09
6.54676024E-09
6.54676024E-09
6.54676024E-09
6.54676024E-09
6.54676024E-09
6.54676024E-09
6.54676024E-09
6.54676024E-09
6.54676024E-09
6.54676024E-09
3.10311683E-09
3.10311683E-09
3.10311683E-09
3.10311683E-09
3.10311683E-09
3.10311683E-09
3.10311683E-09
3.10311683E-09
3.10311683E-09
3.10311683E-09
3.10311683E-09
3.10311683E-09
3.10311683E-09
3.10311683E-09
3.10311683E-09
3.10311683E-09
3.10311683E-09
3.10311683E-09
3.10311683E-09
3.10311683E-09
3.10311683E-09
3.10311683E-09
3.10311683E-09
3.10311683E-09
3.10311683E-09
3.10311683E-09
3.10311683E-09
3.10311683E-09
3.10311683E-09
3.10311683E-09
3.10311683E-09
3.10311683E-09
3.10311683E-09
3.10311683E-09
3.10311683E-09
3.10311683E-09
3.10311683E-09
3.10311683E-09
3.10311683E-09
3.10311683E-09
3.10311683E-09
3.10311683E-09
3.10311683E-09
3.10311683E-09
3.10311683E-09
3.10311683E-09
3.10311683E-09
3.10311683E-09
3.10311683E-09
3.10311683E-09
3.10311683E-09
3.10311683E-09
3.10311683E-09
3.10311683E-09
3.10311683E-09
3.10311683E-09
3.10311683E-09
3.10311683E-09
3.10311683E-09
3.10311683E-09
3.10311683E-09
3.10311683E-09
1.47085481E-09
1.47085481E-09
1.47085481E-09
1.47085481E-09
1.47085481E-09
1.47085481E-09
1.47085481E-09
1.47085481E-09
1.47085481E-09
1.47085481E-09
1.47085481E-09
1.47085481E-09
1.47085481E-09
1.47085481E-09
1.47085481E-09
1.47085481E-09
1.47085481E-09
1.47085481E-09
1.47085481E-09
1.47085481E-09
1.47085481E-09
1.47085481E-09
1.47085481E-09
1.47085481E-09
1.47085481E-09
1.47085481E-09
1.47085481E-09
1.47085481E-09
1.47085481E-09
1.47085481E-09
1.47085481E-09
1.47085481E-09
1.47085481E-09
1.47085481E-09
1.47085481E-09
1.47085481E-09
1.47085481E-09
1.47085481E-09
1.47085481E-09
1.47085481E-09
1.47085481E-09
1.47085481E-09
1.47085481E-09
1.47085481E-09
1.47085481E-09
1.47085481E-09
1.47085481E-09
1.47085481E-09
1.47085481E-09
1.47085481E-09
1.47085481E-09
1.47085481E-09
1.47085481E-09
1.47085481E-09
1.47085481E-09
1.47085481E-09
1.47085481E-09
1.47085481E-09
1.47085481E-09
1.47085481E-09
1.47085481E-09
6.97174472E-10
6.97174472E-10
6.97174472E-10
6.97174472E-10
6.97174472E-10
6.97174472E-10
6.97174472E-10
6.97174472E-10
6.97174472E-10
6.97174472E-10
6.97174472E-10
6.97174472E-10
6.97174472E-10
6.97174472E-10
6.97174472E-10
6.97174472E-10
6.97174472E-10
6.97174472E-10
6.97174472E-10
6.97174472E-10
6.97174472E-10
6.97174472E-10
6.97174472E-10
6.97174472E-10
6.97174472E-10
6.97174472E-10
6.97174472E-10
6.97174472E-10
6.97174472E-10
6.97174472E-10
6.97174472E-10
6.97174472E-10
6.97174472E-10
6.97174472E-10
6.97174472E-10
6.97174472E-10
6.97174472E-10
6.97174472E-10
6.97174472E-10
6.97174472E-10
6.97174472E-10
6.97174472E-10
6.97174472E-10
6.97174472E-10
6.97174472E-10
6.97174472E-10
6.97174472E-10
6.97174472E-10
6.97174472E-10
6.97174472E-10
6.97174472E-10
6.97174472E-10
6.97174472E-10
6.97174472E-10
6.97174472E-10
6.97174472E-10
6.97174472E-10
6.97174472E-10
6.97174472E-10
6.97174472E-10
6.97174472E-10
6.97174472E-10
3.30455623E-10
3.30455623E-10
3.30455623E-10
3.30455623E-10
3.30455623E-10
3.30455623E-10
3.30455623E-10
3.30455623E-10
3.30455623E-10
3.30455623E-10
3.30455623E-10
3.30455623E-10
3.30455623E-10
3.30455623E-10
3.30455623E-10
3.30455623E-10
3.30455623E-10
3.30455623E-10
3.30455623E-10
3.30455623E-10
3.30455623E-10
3.30455623E-10
3.30455623E-10
3.30455623E-10
3.30455623E-10
3.30455623E-10
3.30455623E-10
3.30455623E-10
3.30455623E-10
3.30455623E-10
3.30455623E-10
3.30455623E-10
3.30455623E-10
3.30455623E-10
3.30455623E-10
3.30455623E-10
3.30455623E-10
3.30455623E-10
3.30455623E-10
3.30455623E-10
3.30455623E-10
3.30455623E-10
3.30455623E-10
3.30455623E-10
3.30455623E-10
3.30455623E-10
3.30455623E-10
3.30455623E-10
3.30455623E-10
3.30455623E-10
3.30455623E-10
3.30455623E-10
3.30455623E-10
3.30455623E-10
3.30455623E-10
3.30455623E-10
3.30455623E-10
3.30455623E-10
3.30455623E-10
3.30455623E-10
3.30455623E-10
1.56633558E-10
1.56633558E-10
1.56633558E-10
1.56633558E-10
1.56633558E-10
1.56633558E-10
1.56633558E-10
1.56633558E-10
1.56633558E-10
1.56633558E-10
1.56633558E-10
1.56633558E-10
1.56633558E-10
1.56633558E-10
1.56633558E-10
1.56633558E-10
1.56633558E-10
1.56633558E-10
1.56633558E-10
1.56633558E-10
1.56633558E-10
1.56633558E-10
1.56633558E-10
1.56633558E-10
1.56633558E-10
1.56633558E-10
1.56633558E-10
1.56633558E-10
1.56633558E-10
1.56633558E-10
1.56633558E-10
1.56633558E-10
1.56633558E-10
1.56633558E-10
1.56633558E-10
1.56633558E-10
1.56633558E-10
1.56633558E-10
1.56633558E-10
1.56633558E-10
1.56633558E-10
1.56633558E-10
1.56633558E-10
1.56633558E-10
1.56633558E-10
1.56633558E-10
1.56633558E-10
1.56633558E-10
1.56633558E-10
1.56633558E-10
1.56633558E-10
1.56633558E-10
1.56633558E-10
1.56633558E-10
1.56633558E-10
1.56633558E-10
1.56633558E-10
1.56633558E-10
1.56633558E-10
1.56633558E-10
1.56633558E-10
1.56633558E-10
7.42431656E-11
7.42431656E-11
7.42431656E-11
7.42431656E-11
7.42431656E-11
7.42431656E-11
7.42431656E-11
7.42431656E-11
7.42431656E-11
7.42431656E-11
7.42431656E-11
7.42431656E-11
7.42431656E-11
7.42431656E-11
7.42431656E-11
7.42431656E-11
7.42431656E-11
7.42431656E-11
7.42431656E-11
7.42431656E-11
7.42431656E-11
7.42431656E-11
7.42431656E-11
7.42431656E-11
7.42431656E-11
7.42431656E-11
7.42431656E-11
7.42431656E-11
7.42431656E-11
7.42431656E-11
7.42431656E-11
7.42431656E-11
7.42431656E-11
7.42431656E-11
7.42431656E-11
7.42431656E-11
7.42431656E-11
7.42431656E-11
7.42431656E-11
7.42431656E-11
7.42431656E-11
7.42431656E-11
7.42431656E-11
7.42431656E-11
7.42431656E-11
7.42431656E-11
7.42431656E-11
7.42431656E-11
7.42431656E-11
7.42431656E-11
7.42431656E-11
7.42431656E-11
7.42431656E-11
7.42431656E-11
7.42431656E-11
7.42431656E-11
7.42431656E-11
7.42431656E-11
7.42431656E-11
7.42431656E-11
7.42431656E-11
3.51907197E-11
3.51907197E-11
3.51907197E-11
3.51907197E-11
3.51907197E-11
3.51907197E-11
3.51907197E-11
3.51907197E-11
3.51907197E-11
3.51907197E-11
3.51907197E-11
3.51907197E-11
3.51907197E-11
3.51907197E-11
3.51907197E-11
3.51907197E-11
3.51907197E-11
3.51907197E-11
3.51907197E-11
3.51907197E-11
3.51907197E-11
3.51907197E-11
3.51907197E-11
3.51907197E-11
3.51907197E-11
3.51907197E-11
3.51907197E-11
3.51907197E-11
3.51907197E-11
3.51907197E-11
3.51907197E-11
3.51907197E-11
3.51907197E-11
3.51907197E-11
3.51907197E-11
3.51907197E-11
3.51907197E-11
3.51907197E-11
3.51907197E-11
3.51907197E-11
3.51907197E-11
3.51907197E-11
3.51907197E-11
3.51907197E-11
3.51907197E-11
3.51907197E-11
3.51907197E-11
3.51907197E-11
3.51907197E-11
3.51907197E-11
3.51907197E-11
3.51907197E-11
3.51907197E-11
3.51907197E-11
3.51907197E-11
3.51907197E-11
3.51907197E-11
3.51907197E-11
3.51907197E-11
3.51907197E-11
3.51907197E-11
3.51907197E-11
1.66801448E-11
1.66801448E-11
1.66801448E-11
1.66801448E-11
1.66801448E-11
1.66801448E-11
1.66801448E-11
1.66801448E-11
1.66801448E-11
1.66801448E-11
1.66801448E-11
1.66801448E-11
1.66801448E-11
1.66801448E-11
1.66801448E-11
1.66801448E-11
1.66801448E-11
1.66801448E-11
1.66801448E-11
1.66801448E-11
1.66801448E-11
1.66801448E-11
1.66801448E-11
1.66801448E-11
1.66801448E-11
1.66801448E-11
1.66801448E-11
1.66801448E-11
1.66801448E-11
1.66801448E-11
1.66801448E-11
1.66801448E-11
1.66801448E-11
1.66801448E-11
1.66801448E-11
1.66801448E-11
1.66801448E-11
1.66801448E-11
1.66801448E-11
1.66801448E-11
1.66801448E-11
1.66801448E-11
1.66801448E-11
1.66801448E-11
1.66801448E-11
1.66801448E-11
1.66801448E-11
1.66801448E-11
1.66801448E-11
1.66801448E-11
1.66801448E-11
1.66801448E-11
1.66801448E-11
1.66801448E-11
1.66801448E-11
1.66801448E-11
1.66801448E-11
1.66801448E-11
1.66801448E-11
1.66801448E-11
1.66801448E-11
7.90626712E-12
7.90626712E-12
7.90626712E-12
7.90626712E-12
7.90626712E-12
7.90626712E-12
7.90626712E-12
7.90626712E-12
7.90626712E-12
7.90626712E-12
7.90626712E-12
7.90626712E-12
7.90626712E-12
7.90626712E-12
7.90626712E-12
7.90626712E-12
7.90626712E-12
7.90626712E-12
7.90626712E-12
7.90626712E-12
7.90626712E-12
7.90626712E-12
7.90626712E-12
7.90626712E-12
7.90626712E-12
7.90626712E-12
7.90626712E-12
7.90626712E-12
7.90626712E-12
7.90626712E-12
7.90626712E-12
7.90626712E-12
7.90626712E-12
7.90626712E-12
7.90626712E-12
7.90626712E-12
7.90626712E-12
7.90626712E-12
7.90626712E-12
7.90626712E-12
7.90626712E-12
7.90626712E-12
7.90626712E-12
7.90626712E-12
7.90626712E-12
7.90626712E-12
7.90626712E-12
7.90626712E-12
7.90626712E-12
7.90626712E-12
7.90626712E-12
7.90626712E-12
7.90626712E-12
7.90626712E-12
7.90626712E-12
7.90626712E-12
7.90626712E-12
7.90626712E-12
7.90626712E-12
7.90626712E-12
7.90626712E-12
7.90626712E-12
3.74751302E-12
3.74751302E-12
3.74751302E-12
3.74751302E-12
3.74751302E-12
3.74751302E-12
3.74751302E-12
3.74751302E-12
3.74751302E-12
3.74751302E-12
3.74751302E-12
3.74751302E-12
3.74751302E-12
3.74751302E-12
3.74751302E-12
3.74751302E-12
3.74751302E-12
3.74751302E-12
3.74751302E-12
3.74751302E-12
3.74751302E-12
3.74751302E-12
3.74751302E-12
3.74751302E-12
3.74751302E-12
3.74751302E-12
3.74751302E-12
3.74751302E-12
3.74751302E-12
3.74751302E-12
3.74751302E-12
3.74751302E-12
3.74751302E-12
3.74751302E-12
3.74751302E-12
3.74751302E-12
3.74751302E-12
3.74751302E-12
3.74751302E-12
3.74751302E-12
3.74751302E-12
3.74751302E-12
3.74751302E-12
3.74751302E-12
3.74751302E-12
3.74751302E-12
3.74751302E-12
3.74751302E-12
3.74751302E-12
3.74751302E-12
3.74751302E-12
3.74751302E-12
3.74751302E-12
3.74751302E-12
3.74751302E-12
3.74751302E-12
3.74751302E-12
3.74751302E-12
3.74751302E-12
3.74751302E-12
3.74751302E-12
1.77629387E-12
1.77629387E-12
1.77629387E-12
1.77629387E-12
1.77629387E-12
1.77629387E-12
1.77629387E-12
1.77629387E-12
1.77629387E-12
1.77629387E-12
1.77629387E-12
1.77629387E-12
1.77629387E-12
1.77629387E-12
1.77629387E-12
1.77629387E-12
1.77629387E-12
1.77629387E-12
1.77629387E-12
1.77629387E-12
1.77629387E-12
1.77629387E-12
1.77629387E-12
1.77629387E-12
1.77629387E-12
1.77629387E-12
1.77629387E-12
1.77629387E-12
1.77629387E-12
1.77629387E-12
1.77629387E-12
1.77629387E-12
1.77629387E-12
1.77629387E-12
1.77629387E-12
1.77629387E-12
1.77629387E-12
1.77629387E-12
1.77629387E-12
1.77629387E-12
1.77629387E-12
1.77629387E-12
1.77629387E-12
1.77629387E-12
1.77629387E-12
1.77629387E-12
1.77629387E-12
1.77629387E-12
1.77629387E-12
1.77629387E-12
1.77629387E-12
1.77629387E-12
1.77629387E-12
1.77629387E-12
1.77629387E-12
1.77629387E-12
1.77629387E-12
1.77629387E-12
1.77629387E-12
1.77629387E-12
1.77629387E-12
1.77629387E-12
8.41950355E-13
8.41950355E-13
8.41950355E-13
8.41950355E-13
8.41950355E-13
8.41950355E-13
8.41950355E-13
8.41950355E-13
8.41950355E-13
8.41950355E-13
8.41950355E-13
8.41950355E-13
8.41950355E-13
8.41950355E-13
8.41950355E-13
8.41950355E-13
8.41950355E-13
8.41950355E-13
8.41950355E-13
8.41950355E-13
8.41950355E-13
8.41950355E-13
8.41950355E-13
8.41950355E-13
8.41950355E-13
8.41950355E-13
8.41950355E-13
8.41950355E-13
8.41950355E-13
8.41950355E-13
8.41950355E-13
8.41950355E-13
8.41950355E-13
8.41950355E-13
8.41950355E-13
8.41950355E-13
8.41950355E-13
8.41950355E-13
8.41950355E-13
8.41950355E-13
8.41950355E-13
8.41950355E-13
8.41950355E-13
8.41950355E-13
8.41950355E-13
8.41950355E-13
8.41950355E-13
8.41950355E-13
8.41950355E-13
8.41950355E-13
8.41950355E-13
8.41950355E-13
8.41950355E-13
8.41950355E-13
8.41950355E-13
8.41950355E-13
8.41950355E-13
8.41950355E-13
8.41950355E-13
8.41950355E-13
8.41950355E-13
3.99078334E-13
3.99078334E-13
3.99078334E-13
3.99078334E-13
3.99078334E-13
3.99078334E-13
3.99078334E-13
3.99078334E-13
3.99078334E-13
3.99078334E-13
3.99078334E-13
3.99078334E-13
3.99078334E-13
3.99078334E-13
3.99078334E-13
3.99078334E-13
3.99078334E-13
3.99078334E-13
3.99078334E-13
3.99078334E-13
3.99078334E-13
3.99078334E-13
3.99078334E-13
3.99078334E-13
3.99078334E-13
3.99078334E-13
3.99078334E-13
3.99078334E-13
3.99078334E-13
3.99078334E-13
3.99078334E-13
3.99078334E-13
3.99078334E-13
3.99078334E-13
3.99078334E-13
3.99078334E-13
3.99078334E-13
3.99078334E-13
3.99078334E-13
3.99078334E-13
3.99078334E-13
3.99078334E-13
3.99078334E-13
3.99078334E-13
3.99078334E-13
3.99078334E-13
3.99078334E-13
3.99078334E-13
3.99078334E-13
3.99078334E-13
3.99078334E-13
3.99078334E-13
3.99078334E-13
3.99078334E-13
3.99078334E-13
3.99078334E-13
3.99078334E-13
3.99078334E-13
3.99078334E-13
3.99078334E-13
3.99078334E-13
3.99078334E-13
1.89160223E-13
1.89160223E-13
1.89160223E-13
1.89160223E-13
1.89160223E-13
1.89160223E-13
1.89160223E-13
1.89160223E-13
1.89160223E-13
1.89160223E-13
1.89160223E-13
1.89160223E-13
1.89160223E-13
1.89160223E-13
1.89160223E-13
1.89160223E-13
1.89160223E-13
1.89160223E-13
1.89160223E-13
1.89160223E-13
1.89160223E-13
1.89160223E-13
1.89160223E-13
1.89160223E-13
1.89160223E-13
1.89160223E-13
1.89160223E-13
1.89160223E-13
1.89160223E-13
1.89160223E-13
1.89160223E-13
1.89160223E-13
1.89160223E-13
1.89160223E-13
1.89160223E-13
1.89160223E-13
1.89160223E-13
1.89160223E-13
1.89160223E-13
1.89160223E-13
1.89160223E-13
1.89160223E-13
1.89160223E-13
1.89160223E-13
1.89160223E-13
1.89160223E-13
1.89160223E-13
1.89160223E-13
1.89160223E-13
1.89160223E-13
1.89160223E-13
1.89160223E-13
1.89160223E-13
1.89160223E-13
1.89160223E-13
1.89160223E-13
1.89160223E-13
1.89160223E-13
1.89160223E-13
1.89160223E-13
1.89160223E-13
8.96605677E-14
8.96605677E-14
8.96605677E-14
8.96605677E-14
8.96605677E-14
8.96605677E-14
8.96605677E-14
8.96605677E-14
8.96605677E-14
8.96605677E-14
8.96605677E-14
8.96605677E-14
8.96605677E-14
8.96605677E-14
8.96605677E-14
8.96605677E-14
8.96605677E-14
8.96605677E-14
8.96605677E-14
8.96605677E-14
8.96605677E-14
8.96605677E-14
8.96605677E-14
8.96605677E-14
8.96605677E-14
8.96605677E-14
8.96605677E-14
8.96605677E-14
8.96605677E-14
8.96605677E-14
8.96605677E-14
8.96605677E-14
8.96605677E-14
8.96605677E-14
8.96605677E-14
8.96605677E-14
8.96605677E-14
8.96605677E-14
8.96605677E-14
8.96605677E-14
8.96605677E-14
8.96605677E-14
8.96605677E-14
8.96605677E-14
8.96605677E-14
8.96605677E-14
8.96605677E-14
8.96605677E-14
8.96605677E-14
8.96605677E-14
8.96605677E-14
8.96605677E-14
8.96605677E-14
8.96605677E-14
8.96605677E-14
8.96605677E-14
8.96605677E-14
8.96605677E-14
8.96605677E-14
8.96605677E-14
8.96605677E-14
8.96605677E-14
4.24984560E-14
4.24984560E-14
4.24984560E-14
4.24984560E-14
4.24984560E-14
4.24984560E-14
4.24984560E-14
4.24984560E-14
4.24984560E-14
4.24984560E-14
4.24984560E-14
4.24984560E-14
4.24984560E-14
4.24984560E-14
4.24984560E-14
4.24984560E-14
4.24984560E-14
4.24984560E-14
4.24984560E-14
4.24984560E-14
4.24984560E-14
4.24984560E-14
4.24984560E-14
4.24984560E-14
4.24984560E-14
4.24984560E-14
4.24984560E-14
4.24984560E-14
4.24984560E-14
4.24984560E-14
4.24984560E-14
4.24984560E-14
4.24984560E-14
4.24984560E-14
4.24984560E-14
4.24984560E-14
4.24984560E-14
4.24984560E-14
4.24984560E-14
4.24984560E-14
4.24984560E-14
4.24984560E-14
4.24984560E-14
4.24984560E-14
4.24984560E-14
4.24984560E-14
4.24984560E-14
4.24984560E-14
4.24984560E-14
4.24984560E-14
4.24984560E-14
4.24984560E-14
4.24984560E-14
4.24984560E-14
4.24984560E-14
4.24984560E-14
4.24984560E-14
4.24984560E-14
4.24984560E-14
4.24984560E-14
4.24984560E-14
2.01439585E-14
2.01439585E-14
2.01439585E-14
2.01439585E-14
2.01439585E-14
2.01439585E-14
2.01439585E-14
2.01439585E-14
2.01439585E-14
2.01439585E-14
2.01439585E-14
2.01439585E-14
2.01439585E-14
2.01439585E-14
2.01439585E-14
2.01439585E-14
2.01439585E-14
2.01439585E-14
2.01439585E-14
2.01439585E-14
2.01439585E-14
2.01439585E-14
2.01439585E-14
2.01439585E-14
2.01439585E-14
2.01439585E-14
2.01439585E-14
2.01439585E-14
2.01439585E-14
2.01439585E-14
2.01439585E-14
2.01439585E-14
2.01439585E-14
2.01439585E-14
2.01439585E-14
2.01439585E-14
2.01439585E-14
2.01439585E-14
2.01439585E-14
2.01439585E-14
2.01439585E-14
2.01439585E-14
2.01439585E-14
2.01439585E-14
2.01439585E-14
2.01439585E-14
2.01439585E-14
2.01439585E-14
2.01439585E-14
2.01439585E-14
2.01439585E-14
2.01439585E-14
2.01439585E-14
2.01439585E-14
2.01439585E-14
2.01439585E-14
2.01439585E-14
2.01439585E-14
2.01439585E-14
2.01439585E-14
2.01439585E-14
2.01439585E-14
9.54808960E-15
9.54808960E-15
9.54808960E-15
9.54808960E-15
9.54808960E-15
9.54808960E-15
9.54808960E-15
9.54808960E-15
9.54808960E-15
9.54808960E-15
9.54808960E-15
9.54808960E-15
9.54808960E-15
9.54808960E-15
9.54808960E-15
9.54808960E-15
9.54808960E-15
9.54808960E-15
9.54808960E-15
9.54808960E-15
9.54808960E-15
9.54808960E-15
9.54808960E-15
9.54808960E-15
9.54808960E-15
9.54808960E-15
9.54808960E-15
9.54808960E-15
9.54808960E-15
9.54808960E-15
9.54808960E-15
9.54808960E-15
9.54808960E-15
9.54808960E-15
9.54808960E-15
9.54808960E-15
9.54808960E-15
9.54808960E-15
9.54808960E-15
9.54808960E-15
9.54808960E-15
9.54808960E-15
9.54808960E-15
9.54808960E-15
9.54808960E-15
9.54808960E-15
9.54808960E-15
9.54808960E-15
9.54808960E-15
9.54808960E-15
9.54808960E-15
9.54808960E-15
9.54808960E-15
9.54808960E-15
9.54808960E-15
9.54808960E-15
9.54808960E-15
9.54808960E-15
9.54808960E-15
9.54808960E-15
9.54808960E-15
4.52572491E-15
4.52572491E-15
4.52572491E-15
4.52572491E-15
4.52572491E-15
4.52572491E-15
4.52572491E-15
4.52572491E-15
4.52572491E-15
4.52572491E-15
4.52572491E-15
4.52572491E-15
4.52572491E-15
4.52572491E-15
4.52572491E-15
4.52572491E-15
4.52572491E-15
4.52572491E-15
4.52572491E-15
4.52572491E-15
4.52572491E-15
4.52572491E-15
4.52572491E-15
4.52572491E-15
4.52572491E-15
4.52572491E-15
4.52572491E-15
4.52572491E-15
4.52572491E-15
4.52572491E-15
4.52572491E-15
4.52572491E-15
4.52572491E-15
4.52572491E-15
4.52572491E-15
4.52572491E-15
4.52572491E-15
4.52572491E-15
4.52572491E-15
4.52572491E-15
4.52572491E-15
4.52572491E-15
4.52572491E-15
4.52572491E-15
4.52572491E-15
4.52572491E-15
4.52572491E-15
4.52572491E-15
4.52572491E-15
4.52572491E-15
4.52572491E-15
4.52572491E-15
4.52572491E-15
4.52572491E-15
4.52572491E-15
4.52572491E-15
4.52572491E-15
4.52572491E-15
4.52572491E-15
4.52572491E-15
4.52572491E-15
4.52572491E-15
2.14516064E-15
2.14516064E-15
2.14516064E-15
2.14516064E-15
2.14516064E-15
2.14516064E-15
2.14516064E-15
2.14516064E-15
2.14516064E-15
2.14516064E-15
2.14516064E-15
2.14516064E-15
2.14516064E-15
2.14516064E-15
2.14516064E-15
2.14516064E-15
2.14516064E-15
2.14516064E-15
2.14516064E-15
2.14516064E-15
2.14516064E-15
2.14516064E-15
2.14516064E-15
2.14516064E-15
2.14516064E-15
2.14516064E-15
2.14516064E-15
2.14516064E-15
2.14516064E-15
2.14516064E-15
2.14516064E-15
2.14516064E-15
2.14516064E-15
2.14516064E-15
2.14516064E-15
2.14516064E-15
2.14516064E-15
2.14516064E-15
2.14516064E-15
2.14516064E-15
2.14516064E-15
2.14516064E-15
2.14516064E-15
2.14516064E-15
2.14516064E-15
2.14516064E-15
2.14516064E-15
2.14516064E-15
2.14516064E-15
2.14516064E-15
2.14516064E-15
2.14516064E-15
2.14516064E-15
2.14516064E-15
2.14516064E-15
2.14516064E-15
2.14516064E-15
2.14516064E-15
2.14516064E-15
2.14516064E-15
2.14516064E-15
1.01679052E-15
1.01679052E-15
1.01679052E-15
1.01679052E-15
1.01679052E-15
1.01679052E-15
1.01679052E-15
1.01679052E-15
1.01679052E-15
1.01679052E-15
1.01679052E-15
1.01679052E-15
1.01679052E-15
1.01679052E-15
1.01679052E-15
1.01679052E-15
1.01679052E-15
1.01679052E-15
1.01679052E-15
1.01679052E-15
1.01679052E-15
1.01679052E-15
1.01679052E-15
1.01679052E-15
1.01679052E-15
1.01679052E-15
1.01679052E-15
1.01679052E-15
1.01679052E-15
1.01679052E-15
1.01679052E-15
1.01679052E-15
1.01679052E-15
1.01679052E-15
1.01679052E-15
1.01679052E-15
1.01679052E-15
1.01679052E-15
1.01679052E-15
1.01679052E-15
1.01679052E-15
1.01679052E-15
1.01679052E-15
1.01679052E-15
1.01679052E-15
1.01679052E-15
1.01679052E-15
1.01679052E-15
1.01679052E-15
1.01679052E-15
1.01679052E-15
1.01679052E-15
1.01679052E-15
1.01679052E-15
1.01679052E-15
1.01679052E-15
1.01679052E-15
1.01679052E-15
1.01679052E-15
1.01679052E-15
1.01679052E-15
1.01679052E-15
4.81951297E-16
4.81951297E-16
4.81951297E-16
4.81951297E-16
4.81951297E-16
4.81951297E-16
4.81951297E-16
4.81951297E-16
4.81951297E-16
4.81951297E-16
4.81951297E-16
4.81951297E-16
4.81951297E-16
4.81951297E-16
4.81951297E-16
4.81951297E-16
4.81951297E-16
4.81951297E-16
4.81951297E-16
4.81951297E-16
4.81951297E-16
4.81951297E-16
4.81951297E-16
4.81951297E-16
4.81951297E-16
4.81951297E-16
4.81951297E-16
4.81951297E-16
4.81951297E-16
4.81951297E-16
4.81951297E-16
4.81951297E-16
4.81951297E-16
4.81951297E-16
4.81951297E-16
4.81951297E-16
4.81951297E-16
4.81951297E-16
4.81951297E-16
4.81951297E-16
4.81951297E-16
4.81951297E-16
4.81951297E-16
4.81951297E-16
4.81951297E-16
4.81951297E-16
4.81951297E-16
4.81951297E-16
4.81951297E-16
4.81951297E-16
4.81951297E-16
4.81951297E-16
4.81951297E-16
4.81951297E-16
4.81951297E-16
4.81951297E-16
4.81951297E-16
4.81951297E-16
4.81951297E-16
4.81951297E-16
4.81951297E-16
2.28441404E-16
2.28441404E-16
2.28441404E-16
2.28441404E-16
2.28441404E-16
2.28441404E-16
2.28441404E-16
2.28441404E-16
2.28441404E-16
2.28441404E-16
2.28441404E-16
2.28441404E-16
2.28441404E-16
2.28441404E-16
2.28441404E-16
2.28441404E-16
2.28441404E-16
2.28441404E-16
2.28441404E-16
2.28441404E-16
2.28441404E-16
2.28441404E-16
2.28441404E-16
2.28441404E-16
2.28441404E-16
2.28441404E-16
2.28441404E-16
2.28441404E-16
2.28441404E-16
2.28441404E-16
2.28441404E-16
2.28441404E-16
2.28441404E-16
2.28441404E-16
2.28441404E-16
2.28441404E-16
2.28441404E-16
2.28441404E-16
2.28441404E-16
2.28441404E-16
2.28441404E-16
2.28441404E-16
2.28441404E-16
2.28441404E-16
2.28441404E-16
2.28441404E-16
2.28441404E-16
2.28441404E-16
2.28441404E-16
2.28441404E-16
2.28441404E-16
2.28441404E-16
2.28441404E-16
2.28441404E-16
2.28441404E-16
2.28441404E-16
2.28441404E-16
2.28441404E-16
2.28441404E-16
2.28441404E-16
2.28441404E-16
2.28441404E-16
1.08279561E-16
1.08279561E-16
1.08279561E-16
1.08279561E-16
1.08279561E-16
1.08279561E-16
1.08279561E-16
1.08279561E-16
1.08279561E-16
1.08279561E-16
1.08279561E-16
1.08279561E-16
1.08279561E-16
1.08279561E-16
1.08279561E-16
1.08279561E-16
1.08279561E-16
1.08279561E-16
1.08279561E-16
1.08279561E-16
1.08279561E-16
1.08279561E-16
1.08279561E-16
1.08279561E-16
1.08279561E-16
1.08279561E-16
1.08279561E-16
1.08279561E-16
1.08279561E-16
1.08279561E-16
1.08279561E-16
1.08279561E-16
1.08279561E-16
1.08279561E-16
1.08279561E-16
1.08279561E-16
1.08279561E-16
1.08279561E-16
1.08279561E-16
1.08279561E-16
1.08279561E-16
1.08279561E-16
1.08279561E-16
1.08279561E-16
1.08279561E-16
1.08279561E-16
1.08279561E-16
1.08279561E-16
1.08279561E-16
1.08279561E-16
1.08279561E-16
1.08279561E-16
1.08279561E-16
1.08279561E-16
1.08279561E-16
1.08279561E-16
1.08279561E-16
1.08279561E-16
1.08279561E-16
1.08279561E-16
1.08279561E-16
5.13237233E-17
5.13237233E-17
5.13237233E-17
5.13237233E-17
5.13237233E-17
5.13237233E-17
5.13237233E-17
5.13237233E-17
5.13237233E-17
5.13237233E-17
5.13237233E-17
5.13237233E-17
5.13237233E-17
5.13237233E-17
5.13237233E-17
5.13237233E-17
5.13237233E-17
5.13237233E-17
5.13237233E-17
5.13237233E-17
5.13237233E-17
5.13237233E-17
5.13237233E-17
5.13237233E-17
5.13237233E-17
5.13237233E-17
5.13237233E-17
5.13237233E-17
5.13237233E-17
5.13237233E-17
5.13237233E-17
5.13237233E-17
5.13237233E-17
5.13237233E-17
5.13237233E-17
5.13237233E-17
5.13237233E-17
5.13237233E-17
5.13237233E-17
5.13237233E-17
5.13237233E-17
5.13237233E-17
5.13237233E-17
5.13237233E-17
5.13237233E-17
5.13237233E-17
5.13237233E-17
5.13237233E-17
5.13237233E-17
5.13237233E-17
5.13237233E-17
5.13237233E-17
5.13237233E-17
5.13237233E-17
5.13237233E-17
5.13237233E-17
5.13237233E-17
5.13237233E-17
5.13237233E-17
5.13237233E-17
5.13237233E-17
5.13237233E-17
2.43270709E-17
2.43270709E-17
2.43270709E-17
2.43270709E-17
2.43270709E-17
2.43270709E-17
2.43270709E-17
2.43270709E-17
2.43270709E-17
2.43270709E-17
2.43270709E-17
2.43270709E-17
2.43270709E-17
2.43270709E-17
2.43270709E-17
2.43270709E-17
2.43270709E-17
2.43270709E-17
2.43270709E-17
2.43270709E-17
2.43270709E-17
2.43270709E-17
2.43270709E-17
2.43270709E-17
2.43270709E-17
2.43270709E-17
2.43270709E-17
2.43270709E-17
2.43270709E-17
2.43270709E-17
2.43270709E-17
2.43270709E-17
2.43270709E-17
2.43270709E-17
2.43270709E-17
2.43270709E-17
2.43270709E-17
2.43270709E-17
2.43270709E-17
2.43270709E-17
2.43270709E-17
2.43270709E-17
2.43270709E-17
2.43270709E-17
2.43270709E-17
2.43270709E-17
2.43270709E-17
2.43270709E-17
2.43270709E-17
2.43270709E-17
2.43270709E-17
2.43270709E-17
2.43270709E-17
2.43270709E-17
2.43270709E-17
2.43270709E-17
2.43270709E-17
2.43270709E-17
2.43270709E-17
2.43270709E-17
2.43270709E-17
1.15308544E-17
1.15308544E-17
1.15308544E-17
1.15308544E-17
1.15308544E-17
1.15308544E-17
1.15308544E-17
1.15308544E-17
1.15308544E-17
1.15308544E-17
1.15308544E-17
1.15308544E-17
1.15308544E-17
1.15308544E-17
1.15308544E-17
1.15308544E-17
1.15308544E-17
1.15308544E-17
1.15308544E-17
1.15308544E-17
1.15308544E-17
1.15308544E-17
1.15308544E-17
1.15308544E-17
1.15308544E-17
1.15308544E-17
1.15308544E-17
1.15308544E-17
1.15308544E-17
1.15308544E-17
1.15308544E-17
1.15308544E-17
1.15308544E-17
1.15308544E-17
1.15308544E-17
1.15308544E-17
1.15308544E-17
1.15308544E-17
1.15308544E-17
1.15308544E-17
1.15308544E-17
1.15308544E-17
1.15308544E-17
1.15308544E-17
1.15308544E-17
1.15308544E-17
1.15308544E-17
1.15308544E-17
1.15308544E-17
1.15308544E-17
1.15308544E-17
1.15308544E-17
1.15308544E-17
1.15308544E-17
1.15308544E-17
1.15308544E-17
1.15308544E-17
1.15308544E-17
1.15308544E-17
1.15308544E-17
1.15308544E-17
1.15308544E-17
5.46554098E-18
5.46554098E-18
5.46554098E-18
5.46554098E-18
5.46554098E-18
5.46554098E-18
5.46554098E-18
5.46554098E-18
5.46554098E-18
5.46554098E-18
5.46554098E-18
5.46554098E-18
5.46554098E-18
5.46554098E-18
5.46554098E-18
5.46554098E-18
5.46554098E-18
5.46554098E-18
5.46554098E-18
5.46554098E-18
5.46554098E-18
5.46554098E-18
5.46554098E-18
5.46554098E-18
5.46554098E-18
5.46554098E-18
5.46554098E-18
5.46554098E-18
5.46554098E-18
5.46554098E-18
5.46554098E-18
5.46554098E-18
5.46554098E-18
5.46554098E-18
5.46554098E-18
5.46554098E-18
5.46554098E-18
5.46554098E-18
5.46554098E-18
5.46554098E-18
5.46554098E-18
5.46554098E-18
5.46554098E-18
5.46554098E-18
5.46554098E-18
5.46554098E-18
5.46554098E-18
5.46554098E-18
5.46554098E-18
5.46554098E-18
5.46554098E-18
5.46554098E-18
5.46554098E-18
5.46554098E-18
5.46554098E-18
5.46554098E-18
5.46554098E-18
5.46554098E-18
5.46554098E-18
5.46554098E-18
5.46554098E-18
2.59062661E-18
2.59062661E-18
2.59062661E-18
2.59062661E-18
2.59062661E-18
2.59062661E-18
2.59062661E-18
2.59062661E-18
2.59062661E-18
2.59062661E-18
2.59062661E-18
2.59062661E-18
2.59062661E-18
2.59062661E-18
2.59062661E-18
2.59062661E-18
2.59062661E-18
2.59062661E-18
2.59062661E-18
2.59062661E-18
2.59062661E-18
2.59062661E-18
2.59062661E-18
2.59062661E-18
2.59062661E-18
2.59062661E-18
2.59062661E-18
2.59062661E-18
2.59062661E-18
2.59062661E-18
2.59062661E-18
2.59062661E-18
2.59062661E-18
2.59062661E-18
2.59062661E-18
2.59062661E-18
2.59062661E-18
2.59062661E-18
2.59062661E-18
2.59062661E-18
2.59062661E-18
2.59062661E-18
2.59062661E-18
2.59062661E-18
2.59062661E-18
2.59062661E-18
2.59062661E-18
2.59062661E-18
2.59062661E-18
2.59062661E-18
2.59062661E-18
2.59062661E-18
2.59062661E-18
2.59062661E-18
2.59062661E-18
2.59062661E-18
2.59062661E-18
2.59062661E-18
2.59062661E-18
2.59062661E-18
2.59062661E-18
2.59062661E-18
1.22793814E-18
1.22793814E-18
1.22793814E-18
1.22793814E-18
1.22793814E-18
1.22793814E-18
1.22793814E-18
1.22793814E-18
1.22793814E-18
1.22793814E-18
1.22793814E-18
1.22793814E-18
1.22793814E-18
1.22793814E-18
1.22793814E-18
1.22793814E-18
1.22793814E-18
1.22793814E-18
1.22793814E-18
1.22793814E-18
1.22793814E-18
1.22793814E-18
1.22793814E-18
1.22793814E-18
1.22793814E-18
1.22793814E-18
1.22793814E-18
1.22793814E-18
1.22793814E-18
1.22793814E-18
1.22793814E-18
1.22793814E-18
1.22793814E-18
1.22793814E-18
1.22793814E-18
1.22793814E-18
1.22793814E-18
1.22793814E-18
1.22793814E-18
1.22793814E-18
1.22793814E-18
1.22793814E-18
1.22793814E-18
1.22793814E-18
1.22793814E-18
1.22793814E-18
1.22793814E-18
1.22793814E-18
1.22793814E-18
1.22793814E-18
1.22793814E-18
1.22793814E-18
1.22793814E-18
1.22793814E-18
1.22793814E-18
1.22793814E-18
1.22793814E-18
1.22793814E-18
1.22793814E-18
1.22793814E-18
1.22793814E-18
5.82033733E-19
5.82033733E-19
5.82033733E-19
5.82033733E-19
5.82033733E-19
5.82033733E-19
5.82033733E-19
5.82033733E-19
5.82033733E-19
5.82033733E-19
5.82033733E-19
5.82033733E-19
5.82033733E-19
5.82033733E-19
5.82033733E-19
5.82033733E-19
5.82033733E-19
5.82033733E-19
5.82033733E-19
5.82033733E-19
5.82033733E-19
5.82033733E-19
5.82033733E-19
5.82033733E-19
5.82033733E-19
5.82033733E-19
5.82033733E-19
5.82033733E-19
5.82033733E-19
5.82033733E-19
5.82033733E-19
5.82033733E-19
5.82033733E-19
5.82033733E-19
5.82033733E-19
5.82033733E-19
5.82033733E-19
5.82033733E-19
5.82033733E-19
5.82033733E-19
5.82033733E-19
5.82033733E-19
5.82033733E-19
5.82033733E-19
5.82033733E-19
5.82033733E-19
5.82033733E-19
5.82033733E-19
5.82033733E-19
5.82033733E-19
5.82033733E-19
5.82033733E-19
5.82033733E-19
5.82033733E-19
5.82033733E-19
5.82033733E-19
5.82033733E-19
5.82033733E-19
5.82033733E-19
5.82033733E-19
5.82033733E-19
5.82033733E-19
2.75879749E-19
2.75879749E-19
2.75879749E-19
2.75879749E-19
2.75879749E-19
2.75879749E-19
2.75879749E-19
2.75879749E-19
2.75879749E-19
2.75879749E-19
2.75879749E-19
2.75879749E-19
2.75879749E-19
2.75879749E-19
2.75879749E-19
2.75879749E-19
2.75879749E-19
2.75879749E-19
2.75879749E-19
2.75879749E-19
2.75879749E-19
2.75879749E-19
2.75879749E-19
2.75879749E-19
2.75879749E-19
2.75879749E-19
2.75879749E-19
2.75879749E-19
2.75879749E-19
2.75879749E-19
2.75879749E-19
2.75879749E-19
2.75879749E-19
2.75879749E-19
2.75879749E-19
2.75879749E-19
2.75879749E-19
2.75879749E-19
2.75879749E-19
2.75879749E-19
2.75879749E-19
2.75879749E-19
2.75879749E-19
2.75879749E-19
2.75879749E-19
2.75879749E-19
2.75879749E-19
2.75879749E-19
2.75879749E-19
2.75879749E-19
2.75879749E-19
2.75879749E-19
2.75879749E-19
2.75879749E-19
2.75879749E-19
2.75879749E-19
2.75879749E-19
2.75879749E-19
2.75879749E-19
2.75879749E-19
2.75879749E-19
1.30764991E-19
1.30764991E-19
1.30764991E-19
1.30764991E-19
1.30764991E-19
1.30764991E-19
1.30764991E-19
1.30764991E-19
1.30764991E-19
1.30764991E-19
1.30764991E-19
1.30764991E-19
1.30764991E-19
1.30764991E-19
1.30764991E-19
1.30764991E-19
1.30764991E-19
1.30764991E-19
1.30764991E-19
1.30764991E-19
1.30764991E-19
1.30764991E-19
1.30764991E-19
1.30764991E-19
1.30764991E-19
1.30764991E-19
1.30764991E-19
1.30764991E-19
1.30764991E-19
1.30764991E-19
1.30764991E-19
1.30764991E-19
1.30764991E-19
1.30764991E-19
1.30764991E-19
1.30764991E-19
1.30764991E-19
1.30764991E-19
1.30764991E-19
1.30764991E-19
1.30764991E-19
1.30764991E-19
1.30764991E-19
1.30764991E-19
1.30764991E-19
1.30764991E-19
1.30764991E-19
1.30764991E-19
1.30764991E-19
1.30764991E-19
1.30764991E-19
1.30764991E-19
1.30764991E-19
1.30764991E-19
1.30764991E-19
1.30764991E-19
1.30764991E-19
1.30764991E-19
1.30764991E-19
1.30764991E-19
1.30764991E-19
1.30764991E-19
6.19816534E-20
6.19816534E-20
6.19816534E-20
6.19816534E-20
6.19816534E-20
6.19816534E-20
6.19816534E-20
6.19816534E-20
6.19816534E-20
6.19816534E-20
6.19816534E-20
6.19816534E-20
6.19816534E-20
6.19816534E-20
6.19816534E-20
6.19816534E-20
6.19816534E-20
6.19816534E-20
6.19816534E-20
6.19816534E-20
6.19816534E-20
6.19816534E-20
6.19816534E-20
6.19816534E-20
6.19816534E-20
6.19816534E-20
6.19816534E-20
6.19816534E-20
6.19816534E-20
6.19816534E-20
6.19816534E-20
6.19816534E-20
6.19816534E-20
6.19816534E-20
6.19816534E-20
6.19816534E-20
6.19816534E-20
6.19816534E-20
6.19816534E-20
6.19816534E-20
6.19816534E-20
6.19816534E-20
6.19816534E-20
6.19816534E-20
6.19816534E-20
6.19816534E-20
6.19816534E-20
6.19816534E-20
6.19816534E-20
6.19816534E-20
6.19816534E-20
6.19816534E-20
6.19816534E-20
6.19816534E-20
6.19816534E-20
6.19816534E-20
6.19816534E-20
6.19816534E-20
6.19816534E-20
6.19816534E-20
6.19816534E-20
2.93788522E-20
2.93788522E-20
2.93788522E-20
2.93788522E-20
2.93788522E-20
2.93788522E-20
2.93788522E-20
2.93788522E-20
2.93788522E-20
2.93788522E-20
2.93788522E-20
2.93788522E-20
2.93788522E-20
2.93788522E-20
2.93788522E-20
2.93788522E-20
2.93788522E-20
2.93788522E-20
2.93788522E-20
2.93788522E-20
2.93788522E-20
2.93788522E-20
2.93788522E-20
2.93788522E-20
2.93788522E-20
2.93788522E-20
2.93788522E-20
2.93788522E-20
2.93788522E-20
2.93788522E-20
2.93788522E-20
2.93788522E-20
2.93788522E-20
2.93788522E-20
2.93788522E-20
2.93788522E-20
2.93788522E-20
2.93788522E-20
2.93788522E-20
2.93788522E-20
2.93788522E-20
2.93788522E-20
2.93788522E-20
2.93788522E-20
2.93788522E-20
2.93788522E-20
2.93788522E-20
2.93788522E-20
2.93788522E-20
2.93788522E-20
2.93788522E-20
2.93788522E-20
2.93788522E-20
2.93788522E-20
2.93788522E-20
2.93788522E-20
2.93788522E-20
2.93788522E-20
2.93788522E-20
2.93788522E-20
2.93788522E-20
2.93788522E-20
1.39253619E-20
1.39253619E-20
1.39253619E-20
1.39253619E-20
1.39253619E-20
1.39253619E-20
1.39253619E-20
1.39253619E-20
1.39253619E-20
1.39253619E-20
1.39253619E-20
1.39253619E-20
1.39253619E-20
1.39253619E-20
1.39253619E-20
1.39253619E-20
1.39253619E-20
1.39253619E-20
1.39253619E-20
1.39253619E-20
1.39253619E-20
1.39253619E-20
1.39253619E-20
1.39253619E-20
1.39253619E-20
1.39253619E-20
1.39253619E-20
1.39253619E-20
1.39253619E-20
1.39253619E-20
1.39253619E-20
1.39253619E-20
1.39253619E-20
1.39253619E-20
1.39253619E-20
1.39253619E-20
1.39253619E-20
1.39253619E-20
1.39253619E-20
1.39253619E-20
1.39253619E-20
1.39253619E-20
1.39253619E-20
1.39253619E-20
1.39253619E-20
1.39253619E-20
1.39253619E-20
1.39253619E-20
1.39253619E-20
1.39253619E-20
1.39253619E-20
1.39253619E-20
1.39253619E-20
1.39253619E-20
1.39253619E-20
1.39253619E-20
1.39253619E-20
1.39253619E-20
1.39253619E-20
1.39253619E-20
1.39253619E-20
6.60052009E-21
6.60052009E-21
6.60052009E-21
6.60052009E-21
6.60052009E-21
6.60052009E-21
6.60052009E-21
6.60052009E-21
6.60052009E-21
6.60052009E-21
6.60052009E-21
6.60052009E-21
6.60052009E-21
6.60052009E-21
6.60052009E-21
6.60052009E-21
6.60052009E-21
6.60052009E-21
6.60052009E-21
6.60052009E-21
6.60052009E-21
6.60052009E-21
6.60052009E-21
6.60052009E-21
6.60052009E-21
6.60052009E-21
6.60052009E-21
6.60052009E-21
6.60052009E-21
6.60052009E-21
6.60052009E-21
6.60052009E-21
6.60052009E-21
6.60052009E-21
6.60052009E-21
6.60052009E-21
6.60052009E-21
6.60052009E-21
6.60052009E-21
6.60052009E-21
6.60052009E-21
6.60052009E-21
6.60052009E-21
6.60052009E-21
6.60052009E-21
6.60052009E-21
6.60052009E-21
6.60052009E-21
6.60052009E-21
6.60052009E-21
6.60052009E-21
6.60052009E-21
6.60052009E-21
6.60052009E-21
6.60052009E-21
6.60052009E-21
6.60052009E-21
6.60052009E-21
6.60052009E-21
6.60052009E-21
6.60052009E-21
6.60052009E-21
3.12859844E-21
3.12859844E-21
3.12859844E-21
3.12859844E-21
3.12859844E-21
3.12859844E-21
3.12859844E-21
3.12859844E-21
3.12859844E-21
3.12859844E-21
3.12859844E-21
3.12859844E-21
3.12859844E-21
3.12859844E-21
3.12859844E-21
3.12859844E-21
3.12859844E-21
3.12859844E-21
3.12859844E-21
3.12859844E-21
3.12859844E-21
3.12859844E-21
3.12859844E-21
3.12859844E-21
3.12859844E-21
3.12859844E-21
3.12859844E-21
3.12859844E-21
3.12859844E-21
3.12859844E-21
3.12859844E-21
3.12859844E-21
3.12859844E-21
3.12859844E-21
3.12859844E-21
3.12859844E-21
3.12859844E-21
3.12859844E-21
3.12859844E-21
3.12859844E-21
3.12859844E-21
3.12859844E-21
3.12859844E-21
3.12859844E-21
3.12859844E-21
3.12859844E-21
3.12859844E-21
3.12859844E-21
3.12859844E-21
3.12859844E-21
3.12859844E-21
3.12859844E-21
3.12859844E-21
3.12859844E-21
3.12859844E-21
3.12859844E-21
3.12859844E-21
3.12859844E-21
3.12859844E-21
3.12859844E-21
3.12859844E-21
1.48293287E-21
1.48293287E-21
1.48293287E-21
1.48293287E-21
1.48293287E-21
1.48293287E-21
1.48293287E-21
1.48293287E-21
1.48293287E-21
1.48293287E-21
1.48293287E-21
1.48293287E-21
1.48293287E-21
1.48293287E-21
1.48293287E-21
1.48293287E-21
1.48293287E-21
1.48293287E-21
1.48293287E-21
1.48293287E-21
1.48293287E-21
1.48293287E-21
1.48293287E-21
1.48293287E-21
1.48293287E-21
1.48293287E-21
1.48293287E-21
1.48293287E-21
1.48293287E-21
1.48293287E-21
1.48293287E-21
1.48293287E-21
1.48293287E-21
1.48293287E-21
1.48293287E-21
1.48293287E-21
1.48293287E-21
1.48293287E-21
1.48293287E-21
1.48293287E-21
1.48293287E-21
1.48293287E-21
1.48293287E-21
1.48293287E-21
1.48293287E-21
1.48293287E-21
1.48293287E-21
1.48293287E-21
1.48293287E-21
1.48293287E-21
1.48293287E-21
1.48293287E-21
1.48293287E-21
1.48293287E-21
1.48293287E-21
1.48293287E-21
1.48293287E-21
1.48293287E-21
1.48293287E-21
1.48293287E-21
1.48293287E-21
1.48293287E-21
7.02899377E-22
7.02899377E-22
7.02899377E-22
7.02899377E-22
7.02899377E-22
7.02899377E-22
7.02899377E-22
7.02899377E-22
7.02899377E-22
7.02899377E-22
7.02899377E-22
7.02899377E-22
7.02899377E-22
7.02899377E-22
7.02899377E-22
7.02899377E-22
7.02899377E-22
7.02899377E-22
7.02899377E-22
7.02899377E-22
7.02899377E-22
7.02899377E-22
7.02899377E-22
7.02899377E-22
7.02899377E-22
7.02899377E-22
7.02899377E-22
7.02899377E-22
7.02899377E-22
7.02899377E-22
7.02899377E-22
7.02899377E-22
7.02899377E-22
7.02899377E-22
7.02899377E-22
7.02899377E-22
7.02899377E-22
7.02899377E-22
7.02899377E-22
7.02899377E-22
7.02899377E-22
7.02899377E-22
7.02899377E-22
7.02899377E-22
7.02899377E-22
7.02899377E-22
7.02899377E-22
7.02899377E-22
7.02899377E-22
7.02899377E-22
7.02899377E-22
7.02899377E-22
7.02899377E-22
7.02899377E-22
7.02899377E-22
7.02899377E-22
7.02899377E-22
7.02899377E-22
7.02899377E-22
7.02899377E-22
7.02899377E-22
3.33169184E-22
3.33169184E-22
3.33169184E-22
3.33169184E-22
3.33169184E-22
3.33169184E-22
3.33169184E-22
3.33169184E-22
3.33169184E-22
3.33169184E-22
3.33169184E-22
3.33169184E-22
3.33169184E-22
3.33169184E-22
3.33169184E-22
3.33169184E-22
3.33169184E-22
3.33169184E-22
3.33169184E-22
3.33169184E-22
3.33169184E-22
3.33169184E-22
3.33169184E-22
3.33169184E-22
3.33169184E-22
3.33169184E-22
3.33169184E-22
3.33169184E-22
3.33169184E-22
3.33169184E-22
3.33169184E-22
3.33169184E-22
3.33169184E-22
3.33169184E-22
3.33169184E-22
3.33169184E-22
3.33169184E-22
3.33169184E-22
3.33169184E-22
3.33169184E-22
3.33169184E-22
3.33169184E-22
3.33169184E-22
3.33169184E-22
3.33169184E-22
3.33169184E-22
3.33169184E-22
3.33169184E-22
3.33169184E-22
3.33169184E-22
3.33169184E-22
3.33169184E-22
3.33169184E-22
3.33169184E-22
3.33169184E-22
3.33169184E-22
3.33169184E-22
3.33169184E-22
3.33169184E-22
3.33169184E-22
3.33169184E-22
3.33169184E-22
1.57919766E-22
1.57919766E-22
1.57919766E-22
1.57919766E-22
1.57919766E-22
1.57919766E-22
1.57919766E-22
1.57919766E-22
1.57919766E-22
1.57919766E-22
1.57919766E-22
1.57919766E-22
1.57919766E-22
1.57919766E-22
1.57919766E-22
1.57919766E-22
1.57919766E-22
1.57919766E-22
1.57919766E-22
1.57919766E-22
1.57919766E-22
1.57919766E-22
1.57919766E-22
1.57919766E-22
1.57919766E-22
1.57919766E-22
1.57919766E-22
1.57919766E-22
1.57919766E-22
1.57919766E-22
1.57919766E-22
1.57919766E-22
1.57919766E-22
1.57919766E-22
1.57919766E-22
1.57919766E-22
1.57919766E-22
1.57919766E-22
1.57919766E-22
1.57919766E-22
1.57919766E-22
1.57919766E-22
1.57919766E-22
1.57919766E-22
1.57919766E-22
1.57919766E-22
1.57919766E-22
1.57919766E-22
1.57919766E-22
1.57919766E-22
1.57919766E-22
1.57919766E-22
1.57919766E-22
1.57919766E-22
1.57919766E-22
1.57919766E-22
1.57919766E-22
1.57919766E-22
1.57919766E-22
1.57919766E-22
1.57919766E-22
7.48528188E-23
7.48528188E-23
7.48528188E-23
7.48528188E-23
7.48528188E-23
7.48528188E-23
7.48528188E-23
7.48528188E-23
7.48528188E-23
7.48528188E-23
7.48528188E-23
7.48528188E-23
7.48528188E-23
7.48528188E-23
7.48528188E-23
7.48528188E-23
7.48528188E-23
7.48528188E-23
7.48528188E-23
7.48528188E-23
7.48528188E-23
7.48528188E-23
7.48528188E-23
7.48528188E-23
7.48528188E-23
7.48528188E-23
7.48528188E-23
7.48528188E-23
7.48528188E-23
7.48528188E-23
7.48528188E-23
7.48528188E-23
7.48528188E-23
7.48528188E-23
7.48528188E-23
7.48528188E-23
7.48528188E-23
7.48528188E-23
7.48528188E-23
7.48528188E-23
7.48528188E-23
7.48528188E-23
7.48528188E-23
7.48528188E-23
7.48528188E-23
7.48528188E-23
7.48528188E-23
7.48528188E-23
7.48528188E-23
7.48528188E-23
7.48528188E-23
7.48528188E-23
7.48528188E-23
7.48528188E-23
7.48528188E-23
7.48528188E-23
7.48528188E-23
7.48528188E-23
7.48528188E-23
7.48528188E-23
7.48528188E-23
7.48528188E-23
3.54796908E-23
3.54796908E-23
3.54796908E-23
3.54796908E-23
3.54796908E-23
3.54796908E-23
3.54796908E-23
3.54796908E-23
3.54796908E-23
3.54796908E-23
3.54796908E-23
3.54796908E-23
3.54796908E-23
3.54796908E-23
3.54796908E-23
3.54796908E-23
3.54796908E-23
3.54796908E-23
3.54796908E-23
3.54796908E-23
3.54796908E-23
3.54796908E-23
3.54796908E-23
3.54796908E-23
3.54796908E-23
3.54796908E-23
3.54796908E-23
3.54796908E-23
3.54796908E-23
3.54796908E-23
3.54796908E-23
3.54796908E-23
3.54796908E-23
3.54796908E-23
3.54796908E-23
3.54796908E-23
3.54796908E-23
3.54796908E-23
3.54796908E-23
3.54796908E-23
3.54796908E-23
3.54796908E-23
3.54796908E-23
3.54796908E-23
3.54796908E-23
3.54796908E-23
3.54796908E-23
3.54796908E-23
3.54796908E-23
3.54796908E-23
3.54796908E-23
3.54796908E-23
3.54796908E-23
3.54796908E-23
3.54796908E-23
3.54796908E-23
3.54796908E-23
3.54796908E-23
3.54796908E-23
3.54796908E-23
3.54796908E-23
2.10702451E-10
2.10702451E-10
2.10702451E-10
2.10702451E-10
2.10702451E-10
2.10702451E-10
2.10702451E-10
2.10702451E-10
2.10702451E-10
2.10702451E-10
2.10702451E-10
2.10702451E-10
2.10702451E-10
2.10702451E-10
2.10702451E-10
2.10702451E-10
2.10702451E-10
2.10702451E-10
2.10702451E-10
2.10702451E-10
2.10702451E-10
2.10702451E-10
2.10702451E-10
2.10702451E-10
2.10702451E-10
2.10702451E-10
2.10702451E-10
2.10702451E-10
2.10702451E-10
2.10702451E-10
2.10702451E-10
2.10702451E-10
2.10702451E-10
2.10702451E-10
2.10702451E-10
2.10702451E-10
2.10702451E-10
2.10702451E-10
2.10702451E-10
2.10702451E-10
2.10702451E-10
2.10702451E-10
2.10702451E-10
2.10702451E-10
2.10702451E-10
2.10702451E-10
2.10702451E-10
2.10702451E-10
2.10702451E-10
2.10702451E-10
2.10702451E-10
2.10702451E-10
2.10702451E-10
2.10702451E-10
2.10702451E-10
2.10702451E-10
2.10702451E-10
2.10702451E-10
2.10702451E-10
2.10702451E-10
4.86040668E-23
4.86040668E-23
4.86040668E-23
4.86040668E-23
4.86040668E-23
4.86040668E-23
4.86040668E-23
4.86040668E-23
4.86040668E-23
4.86040668E-23
4.86040668E-23
4.86040668E-23
4.86040668E-23
4.86040668E-23
4.86040668E-23
4.86040668E-23
4.86040668E-23
4.86040668E-23
4.86040668E-23
4.86040668E-23
4.86040668E-23
4.86040668E-23
4.86040668E-23
4.86040668E-23
4.86040668E-23
4.86040668E-23
4.86040668E-23
4.86040668E-23
4.86040668E-23
4.86040668E-23
4.86040668E-23
4.86040668E-23
4.86040668E-23
4.86040668E-23
4.86040668E-23
4.86040668E-23
4.86040668E-23
4.86040668E-23
4.86040668E-23
4.86040668E-23
4.86040668E-23
4.86040668E-23
4.86040668E-23
4.86040668E-23
4.86040668E-23
4.86040668E-23
4.86040668E-23
4.86040668E-23
4.86040668E-23
4.86040668E-23
4.86040668E-23
4.86040668E-23
4.86040668E-23
4.86040668E-23
4.86040668E-23
4.86040668E-23
4.86040668E-23
4.86040668E-23
4.86040668E-23
4.86040668E-23
2.67597653E-10
4.44526770E-10
1.19107459E-09
1.97858437E-09
5.30146129E-09
8.80665912E-09
2.35967464E-08
3.91983346E-08
1.05028748E-07
1.74470992E-07
4.67479072E-07
7.76560354E-07
2.08068771E-06
3.45629692E-06
9.25998832E-06
1.53806600E-05
4.11936876E-05
6.83941616E-05
1.82909339E-04
3.03139437E-04
8.05434679E-04
1.32435100E-03
3.42042542E-03
5.44030991E-03
1.25280560E-02
1.77121441E-02
2.84503306E-02
3.08927892E-02
2.62235027E-02
2.08857784E-02
1.04565805E-02
6.87024584E-03
2.76906675E-03
1.70338701E-03
6.47251236E-04
3.91577195E-04
1.46738699E-04
8.84335214E-05
3.30349737E-05
1.98915252E-05
7.42534300E-06
4.47018566E-06
1.66841706E-06
1.00437187E-06
3.74850430E-07
2.25654313E-07
8.42177447E-08
5.06977010E-08
1.89211465E-08
1.13902142E-08
4.25099796E-09
2.55902949E-09
9.55067917E-10
5.74934855E-10
2.14574247E-10
1.29170094E-10
4.82082017E-11
2.90205280E-11
1.08308930E-11
6.52001575E-12
2.43336692E-12
1.46484603E-12
5.46702341E-13
3.29105631E-13
1.22827120E-13
7.39398638E-14
2.75954577E-14
1.66120022E-14
6.19984647E-15
3.73220349E-15
1.39291389E-15
8.38510776E-16
3.12944702E-16
1.88387456E-16
7.03090026E-17
4.23248392E-17
1.57962599E-17
9.50908326E-18
3.54893140E-18
2.13639712E-18
7.97335203E-19
4.79982405E-19
1.79136577E-19
1.07837212E-19
4.02464526E-20
2.42276887E-20
9.04213403E-21
5.44321288E-21
2.03148806E-21
1.22292171E-21
4.56412582E-22
2.74752712E-22
1.02541801E-22
6.17284428E-23
2.67597653E-10
4.44526770E-10
1.19107459E-09
1.97858437E-09
5.30146129E-09
8.80665912E-09
2.35967464E-08
3.91983346E-08
1.05028748E-07
1.74470992E-07
4.67479072E-07
7.76560354E-07
2.08068771E-06
3.45629692E-06
9.25998832E-06
1.53806600E-05
4.11936876E-05
6.83941616E-05
1.82909339E-04
3.03139437E-04
8.05434679E-04
1.32435100E-03
3.42042542E-03
5.44030991E-03
1.25280560E-02
1.77121441E-02
2.84503306E-02
3.08927892E-02
2.62235027E-02
2.08857784E-02
1.04565805E-02
6.87024584E-03
2.76906675E-03
1.70338701E-03
6.47251236E-04
3.91577195E-04
1.46738699E-04
8.84335214E-05
3.30349737E-05
1.98915252E-05
7.42534300E-06
4.47018566E-06
1.66841706E-06
1.00437187E-06
3.74850430E-07
2.25654313E-07
8.42177447E-08
5.06977010E-08
1.89211465E-08
1.13902142E-08
4.25099796E-09
2.55902949E-09
9.55067917E-10
5.74934855E-10
2.14574247E-10
1.29170094E-10
4.82082017E-11
2.90205280E-11
1.08308930E-11
6.52001575E-12
2.43336692E-12
1.46484603E-12
5.46702341E-13
3.29105631E-13
1.22827120E-13
7.39398638E-14
2.75954577E-14
1.66120022E-14
6.19984647E-15
3.73220349E-15
1.39291389E-15
8.38510776E-16
3.12944702E-16
1.88387456E-16
7.03090026E-17
4.23248392E-17
1.57962599E-17
9.50908326E-18
3.54893140E-18
2.13639712E-18
7.97335203E-19
4.79982405E-19
1.79136577E-19
1.07837212E-19
4.02464526E-20
2.42276887E-20
9.04213403E-21
5.44321288E-21
2.03148806E-21
1.22292171E-21
4.56412582E-22
2.74752712E-22
1.02541801E-22
6.17284428E-23
