# 400 3
20000 0 -1
20001 200 -1
20002 400 -1
20003 600 -1
20004 800 -1
20005 1000 -1
20006 1200 -1
20007 1400 -1
20008 1600 -1
20009 1800 -1
20010 2000 -1
20011 2200 -1
20012 2400 -1
20013 2600 -1
20014 2800 -1
20015 3000 -1
20016 3200 -1
20017 3400 -1
20018 3600 -1
20019 3800 -1
20020 4000 -1
20021 4200 -1
20022 4400 -1
20023 4600 -1
20024 4800 -1
20025 5000 -1
20026 5200 -1
20027 5400 -1
20028 5600 -1
20029 5800 -1
20030 6000 -1
20031 6200 -1
20032 6400 -1
20033 6600 -1
20034 6800 -1
20035 7000 -1
20036 7200 -1
20037 7400 -1
20038 7600 -1
20039 7800 -1
20040 8000 -1
20041 8200 -1
20042 8400 -1
20043 8600 -1
20044 8800 -1
20045 9000 -1
20046 9200 -1
20047 9400 -1
20048 9600 -1
20049 9800 -1
20050 10000 -1
20051 10200 -1
20052 10400 -1
20053 10600 -1
20054 10800 -1
20055 11000 -1
20056 11200 -1
20057 11400 -1
20058 11600 -1
20059 11800 -1
20060 12000 -1
20061 12200 -1
20062 12400 -1
20063 12600 -1
20064 12800 -1
20065 13000 -1
20066 13200 -1
20067 13400 -1
20068 13600 -1
20069 13800 -1
20070 14000 -1
20071 14200 -1
20072 14400 -1
20073 14600 -1
20074 14800 -1
20075 15000 -1
20076 15200 -1
20077 15400 -1
20078 15600 -1
20079 15800 -1
20080 16000 -1
20081 16200 -1
20082 16400 -1
20083 16600 -1
20084 16800 -1
20085 17000 -1
20086 17200 -1
20087 17400 -1
20088 17600 -1
20089 17800 -1
20090 18000 -1
20091 18200 -1
20092 18400 -1
20093 18600 -1
20094 18800 -1
20095 19000 -1
20096 19200 -1
20097 19400 -1
20098 19600 -1
20099 19800 -1
20100 199 -1
20101 399 -1
20102 599 -1
20103 799 -1
20104 999 -1
20105 1199 -1
20106 1399 -1
20107 1599 -1
20108 1799 -1
20109 1999 -1
20110 2199 -1
20111 2399 -1
20112 2599 -1
20113 2799 -1
20114 2999 -1
20115 3199 -1
20116 3399 -1
20117 3599 -1
20118 3799 -1
20119 3999 -1
20120 4199 -1
20121 4399 -1
20122 4599 -1
20123 4799 -1
20124 4999 -1
20125 5199 -1
20126 5399 -1
20127 5599 -1
20128 5799 -1
20129 5999 -1
20130 6199 -1
20131 6399 -1
20132 6599 -1
20133 6799 -1
20134 6999 -1
20135 7199 -1
20136 7399 -1
20137 7599 -1
20138 7799 -1
20139 7999 -1
20140 8199 -1
20141 8399 -1
20142 8599 -1
20143 8799 -1
20144 8999 -1
20145 9199 -1
20146 9399 -1
20147 9599 -1
20148 9799 -1
20149 9999 -1
20150 10199 -1
20151 10399 -1
20152 10599 -1
20153 10799 -1
20154 10999 -1
20155 11199 -1
20156 11399 -1
20157 11599 -1
20158 11799 -1
20159 11999 -1
20160 12199 -1
20161 12399 -1
20162 12599 -1
20163 12799 -1
20164 12999 -1
20165 13199 -1
20166 13399 -1
20167 13599 -1
20168 13799 -1
20169 13999 -1
20170 14199 -1
20171 14399 -1
20172 14599 -1
20173 14799 -1
20174 14999 -1
20175 15199 -1
20176 15399 -1
20177 15599 -1
20178 15799 -1
20179 15999 -1
20180 16199 -1
20181 16399 -1
20182 16599 -1
20183 16799 -1
20184 16999 -1
20185 17199 -1
20186 17399 -1
20187 17599 -1
20188 17799 -1
20189 17999 -1
20190 18199 -1
20191 18399 -1
20192 18599 -1
20193 18799 -1
20194 18999 -1
20195 19199 -1
20196 19399 -1
20197 19599 -1
20198 19799 -1
20199 19999 -1
20200 19801 -1
20201 19803 -1
20202 19805 -1
20203 19807 -1
20204 19809 -1
20205 19811 -1
20206 19813 -1
20207 19815 -1
20208 19817 -1
20209 19819 -1
20210 19821 -1
20211 19823 -1
20212 19825 -1
20213 19827 -1
20214 19829 -1
20215 19831 -1
20216 19833 -1
20217 19835 -1
20218 19837 -1
20219 19839 -1
20220 19841 -1
20221 19843 -1
20222 19845 -1
20223 19847 -1
20224 19849 -1
20225 19851 -1
20226 19853 -1
20227 19855 -1
20228 19857 -1
20229 19859 -1
20230 19861 -1
20231 19863 -1
20232 19865 -1
20233 19867 -1
20234 19869 -1
20235 19871 -1
20236 19873 -1
20237 19875 -1
20238 19877 -1
20239 19879 -1
20240 19881 -1
20241 19883 -1
20242 19885 -1
20243 19887 -1
20244 19889 -1
20245 19891 -1
20246 19893 -1
20247 19895 -1
20248 19897 -1
20249 19899 -1
20250 19901 -1
20251 19903 -1
20252 19905 -1
20253 19907 -1
20254 19909 -1
20255 19911 -1
20256 19913 -1
20257 19915 -1
20258 19917 -1
20259 19919 -1
20260 19921 -1
20261 19923 -1
20262 19925 -1
20263 19927 -1
20264 19929 -1
20265 19931 -1
20266 19933 -1
20267 19935 -1
20268 19937 -1
20269 19939 -1
20270 19941 -1
20271 19943 -1
20272 19945 -1
20273 19947 -1
20274 19949 -1
20275 19951 -1
20276 19953 -1
20277 19955 -1
20278 19957 -1
20279 19959 -1
20280 19961 -1
20281 19963 -1
20282 19965 -1
20283 19967 -1
20284 19969 -1
20285 19971 -1
20286 19973 -1
20287 19975 -1
20288 19977 -1
20289 19979 -1
20290 19981 -1
20291 19983 -1
20292 19985 -1
20293 19987 -1
20294 19989 -1
20295 19991 -1
20296 19993 -1
20297 19995 -1
20298 19997 -1
20299 19999 -1
20300 0 -1
20301 2 -1
20302 4 -1
20303 6 -1
20304 8 -1
20305 10 -1
20306 12 -1
20307 14 -1
20308 16 -1
20309 18 -1
20310 20 -1
20311 22 -1
20312 24 -1
20313 26 -1
20314 28 -1
20315 30 -1
20316 32 -1
20317 34 -1
20318 36 -1
20319 38 -1
20320 40 -1
20321 42 -1
20322 44 -1
20323 46 -1
20324 48 -1
20325 50 -1
20326 52 -1
20327 54 -1
20328 56 -1
20329 58 -1
20330 60 -1
20331 62 -1
20332 64 -1
20333 66 -1
20334 68 -1
20335 70 -1
20336 72 -1
20337 74 -1
20338 76 -1
20339 78 -1
20340 80 -1
20341 82 -1
20342 84 -1
20343 86 -1
20344 88 -1
20345 90 -1
20346 92 -1
20347 94 -1
20348 96 -1
20349 98 -1
20350 100 -1
20351 102 -1
20352 104 -1
20353 106 -1
20354 108 -1
20355 110 -1
20356 112 -1
20357 114 -1
20358 116 -1
20359 118 -1
20360 120 -1
20361 122 -1
20362 124 -1
20363 126 -1
20364 128 -1
20365 130 -1
20366 132 -1
20367 134 -1
20368 136 -1
20369 138 -1
20370 140 -1
20371 142 -1
20372 144 -1
20373 146 -1
20374 148 -1
20375 150 -1
20376 152 -1
20377 154 -1
20378 156 -1
20379 158 -1
20380 160 -1
20381 162 -1
20382 164 -1
20383 166 -1
20384 168 -1
20385 170 -1
20386 172 -1
20387 174 -1
20388 176 -1
20389 178 -1
20390 180 -1
20391 182 -1
20392 184 -1
20393 186 -1
20394 188 -1
20395 190 -1
20396 192 -1
20397 194 -1
20398 196 -1
20399 198 -1
