# 1074 3
26006 0 -1
26007 1 -1
26008 2 -1
26009 5 -1
26010 6 -1
26011 8 -1
26012 11 -1
26013 12 -1
26014 17 -1
26015 18 -1
26016 21 -1
26017 22 -1
26018 23 -1
26019 26 -1
26020 29 -1
26021 31 -1
26022 36 -1
26023 39 -1
26024 40 -1
26025 41 -1
26026 42 -1
26027 50 -1
26028 52 -1
26029 53 -1
26030 55 -1
26031 56 -1
26032 59 -1
26033 61 -1
26034 66 -1
26035 72 -1
26036 73 -1
26037 77 -1
26038 85 -1
26039 86 -1
26040 88 -1
26041 89 -1
26042 90 -1
26043 92 -1
26044 95 -1
26045 96 -1
26046 99 -1
26047 101 -1
26048 104 -1
26049 105 -1
26050 107 -1
26051 125 -1
26052 126 -1
26053 127 -1
26054 128 -1
26055 129 -1
26056 130 -1
26057 131 -1
26058 133 -1
26059 134 -1
26060 135 -1
26061 136 -1
26062 139 -1
26063 140 -1
26064 141 -1
26065 143 -1
26066 155 -1
26067 158 -1
26068 162 -1
26069 166 -1
26070 195 -1
26071 196 -1
26072 198 -1
26073 199 -1
26074 201 -1
26075 205 -1
26076 217 -1
26077 219 -1
26078 232 -1
26079 233 -1
26080 238 -1
26081 241 -1
26082 242 -1
26083 260 -1
26084 268 -1
26085 273 -1
26086 274 -1
26087 283 -1
26088 298 -1
26089 302 -1
26090 303 -1
26091 311 -1
26092 339 -1
26093 340 -1
26094 341 -1
26095 344 -1
26096 347 -1
26097 348 -1
26098 350 -1
26099 352 -1
26100 354 -1
26101 356 -1
26102 358 -1
26103 359 -1
26104 364 -1
26105 367 -1
26106 373 -1
26107 375 -1
26108 376 -1
26109 377 -1
26110 378 -1
26111 392 -1
26112 406 -1
26113 407 -1
26114 471 -1
26115 490 -1
26116 492 -1
26117 498 -1
26118 512 -1
26119 519 -1
26120 520 -1
26121 525 -1
26122 527 -1
26123 528 -1
26124 529 -1
26125 536 -1
26126 545 -1
26127 546 -1
26128 548 -1
26129 549 -1
26130 552 -1
26131 568 -1
26132 571 -1
26133 576 -1
26134 578 -1
26135 579 -1
26136 611 -1
26137 660 -1
26138 668 -1
26139 670 -1
26140 674 -1
26141 677 -1
26142 682 -1
26143 684 -1
26144 687 -1
26145 691 -1
26146 692 -1
26147 698 -1
26148 699 -1
26149 701 -1
26150 702 -1
26151 703 -1
26152 705 -1
26153 707 -1
26154 709 -1
26155 710 -1
26156 712 -1
26157 713 -1
26158 716 -1
26159 717 -1
26160 719 -1
26161 724 -1
26162 731 -1
26163 817 -1
26164 819 -1
26165 876 -1
26166 941 -1
26167 992 -1
26168 993 -1
26169 995 -1
26170 996 -1
26171 998 -1
26172 999 -1
26173 1005 -1
26174 1006 -1
26175 1007 -1
26176 1107 -1
26177 1109 -1
26178 1113 -1
26179 1115 -1
26180 1117 -1
26181 1120 -1
26182 1123 -1
26183 1124 -1
26184 1129 -1
26185 1140 -1
26186 1141 -1
26187 1142 -1
26188 1143 -1
26189 1147 -1
26190 1152 -1
26191 1154 -1
26192 1155 -1
26193 1160 -1
26194 1161 -1
26195 1162 -1
26196 1164 -1
26197 1165 -1
26198 1166 -1
26199 1167 -1
26200 1168 -1
26201 1170 -1
26202 1172 -1
26203 1173 -1
26204 1174 -1
26205 1176 -1
26206 1178 -1
26207 1180 -1
26208 1183 -1
26209 1184 -1
26210 1185 -1
26211 1187 -1
26212 1190 -1
26213 1195 -1
26214 1196 -1
26215 1197 -1
26216 1198 -1
26217 1203 -1
26218 1205 -1
26219 1207 -1
26220 1208 -1
26221 1214 -1
26222 1215 -1
26223 1217 -1
26224 1219 -1
26225 1221 -1
26226 1222 -1
26227 1226 -1
26228 1229 -1
26229 1233 -1
26230 1238 -1
26231 1247 -1
26232 1248 -1
26233 1249 -1
26234 1251 -1
26235 1252 -1
26236 1254 -1
26237 1256 -1
26238 1260 -1
26239 1502 -1
26240 1504 -1
26241 1532 -1
26242 1534 -1
26243 1537 -1
26244 1616 -1
26245 1621 -1
26246 1622 -1
26247 1624 -1
26248 1669 -1
26249 1670 -1
26250 1671 -1
26251 1677 -1
26252 1681 -1
26253 1682 -1
26254 1684 -1
26255 1687 -1
26256 1795 -1
26257 1797 -1
26258 1833 -1
26259 1838 -1
26260 1844 -1
26261 1846 -1
26262 1848 -1
26263 1851 -1
26264 1852 -1
26265 1854 -1
26266 1856 -1
26267 1857 -1
26268 1861 -1
26269 1896 -1
26270 1900 -1
26271 1903 -1
26272 1906 -1
26273 1908 -1
26274 1909 -1
26275 1911 -1
26276 1912 -1
26277 1917 -1
26278 1924 -1
26279 1925 -1
26280 1934 -1
26281 1935 -1
26282 1936 -1
26283 1937 -1
26284 1944 -1
26285 1946 -1
26286 1947 -1
26287 1951 -1
26288 1964 -1
26289 1967 -1
26290 1968 -1
26291 1969 -1
26292 1970 -1
26293 1972 -1
26294 1973 -1
26295 1976 -1
26296 1977 -1
26297 1978 -1
26298 1979 -1
26299 1980 -1
26300 1994 -1
26301 2000 -1
26302 2003 -1
26303 2004 -1
26304 2005 -1
26305 2006 -1
26306 2007 -1
26307 2009 -1
26308 2010 -1
26309 2011 -1
26310 2012 -1
26311 2015 -1
26312 2041 -1
26313 2045 -1
26314 2048 -1
26315 2049 -1
26316 2052 -1
26317 2053 -1
26318 2054 -1
26319 2056 -1
26320 2058 -1
26321 2059 -1
26322 2070 -1
26323 2076 -1
26324 2097 -1
26325 2098 -1
26326 2099 -1
26327 2105 -1
26328 2107 -1
26329 2109 -1
26330 2110 -1
26331 2113 -1
26332 2392 -1
26333 2397 -1
26334 2404 -1
26335 2405 -1
26336 2409 -1
26337 2411 -1
26338 2413 -1
26339 2415 -1
26340 2463 -1
26341 2521 -1
26342 2531 -1
26343 2532 -1
26344 2533 -1
26345 2537 -1
26346 2615 -1
26347 2620 -1
26348 2635 -1
26349 2643 -1
26350 2786 -1
26351 2789 -1
26352 2799 -1
26353 2800 -1
26354 2818 -1
26355 2825 -1
26356 2827 -1
26357 2828 -1
26358 2834 -1
26359 2838 -1
26360 2839 -1
26361 2842 -1
26362 2844 -1
26363 2853 -1
26364 2857 -1
26365 2858 -1
26366 2900 -1
26367 2901 -1
26368 2908 -1
26369 2909 -1
26370 2910 -1
26371 2912 -1
26372 2915 -1
26373 2921 -1
26374 2924 -1
26375 2926 -1
26376 2929 -1
26377 2930 -1
26378 2932 -1
26379 2934 -1
26380 2941 -1
26381 2942 -1
26382 2944 -1
26383 2945 -1
26384 2949 -1
26385 2950 -1
26386 2966 -1
26387 2970 -1
26388 2975 -1
26389 2976 -1
26390 2980 -1
26391 2981 -1
26392 2985 -1
26393 2988 -1
26394 2990 -1
26395 2994 -1
26396 3001 -1
26397 3003 -1
26398 3032 -1
26399 3033 -1
26400 3057 -1
26401 3059 -1
26402 3062 -1
26403 3064 -1
26404 3066 -1
26405 3069 -1
26406 3070 -1
26407 3071 -1
26408 3075 -1
26409 3085 -1
26410 3087 -1
26411 3092 -1
26412 3093 -1
26413 3095 -1
26414 3097 -1
26415 3098 -1
26416 3134 -1
26417 3137 -1
26418 3142 -1
26419 3155 -1
26420 3163 -1
26421 3205 -1
26422 3215 -1
26423 3217 -1
26424 3219 -1
26425 3225 -1
26426 3226 -1
26427 3239 -1
26428 3241 -1
26429 3244 -1
26430 3253 -1
26431 3263 -1
26432 3353 -1
26433 3354 -1
26434 3359 -1
26435 3361 -1
26436 3365 -1
26437 3367 -1
26438 3369 -1
26439 3372 -1
26440 3374 -1
26441 3378 -1
26442 3382 -1
26443 3383 -1
26444 3388 -1
26445 3389 -1
26446 3748 -1
26447 3749 -1
26448 3755 -1
26449 3758 -1
26450 3759 -1
26451 3764 -1
26452 3777 -1
26453 3778 -1
26454 3787 -1
26455 3788 -1
26456 4029 -1
26457 4043 -1
26458 4054 -1
26459 4055 -1
26460 4059 -1
26461 4271 -1
26462 4273 -1
26463 4274 -1
26464 4282 -1
26465 4302 -1
26466 4307 -1
26467 4349 -1
26468 4350 -1
26469 4351 -1
26470 4378 -1
26471 4380 -1
26472 4384 -1
26473 4386 -1
26474 4388 -1
26475 4389 -1
26476 4396 -1
26477 4398 -1
26478 4406 -1
26479 4434 -1
26480 4483 -1
26481 4485 -1
26482 4486 -1
26483 4506 -1
26484 4507 -1
26485 4513 -1
26486 4516 -1
26487 4525 -1
26488 4640 -1
26489 4642 -1
26490 4643 -1
26491 4645 -1
26492 4657 -1
26493 4658 -1
26494 4659 -1
26495 4663 -1
26496 4697 -1
26497 4710 -1
26498 4712 -1
26499 4715 -1
26500 4725 -1
26501 4728 -1
26502 4742 -1
26503 4743 -1
26504 4749 -1
26505 4750 -1
26506 4768 -1
26507 4769 -1
26508 4771 -1
26509 4773 -1
26510 4786 -1
26511 4788 -1
26512 4834 -1
26513 4836 -1
26514 4842 -1
26515 4847 -1
26516 4850 -1
26517 4862 -1
26518 4868 -1
26519 4870 -1
26520 4944 -1
26521 4948 -1
26522 4949 -1
26523 4950 -1
26524 4954 -1
26525 4956 -1
26526 4973 -1
26527 5019 -1
26528 5039 -1
26529 5043 -1
26530 5128 -1
26531 5132 -1
26532 5139 -1
26533 5150 -1
26534 5168 -1
26535 5172 -1
26536 5174 -1
26537 5175 -1
26538 5180 -1
26539 5566 -1
26540 5572 -1
26541 5579 -1
26542 5596 -1
26543 5625 -1
26544 5637 -1
26545 5638 -1
26546 5738 -1
26547 5768 -1
26548 5802 -1
26549 5833 -1
26550 5835 -1
26551 5836 -1
26552 5837 -1
26553 5849 -1
26554 5853 -1
26555 5856 -1
26556 5862 -1
26557 5864 -1
26558 5885 -1
26559 6049 -1
26560 6050 -1
26561 6051 -1
26562 6057 -1
26563 6122 -1
26564 6123 -1
26565 6125 -1
26566 6165 -1
26567 6188 -1
26568 6192 -1
26569 6196 -1
26570 6210 -1
26571 6211 -1
26572 6212 -1
26573 6213 -1
26574 6214 -1
26575 6215 -1
26576 6219 -1
26577 6221 -1
26578 6225 -1
26579 6228 -1
26580 6358 -1
26581 6360 -1
26582 6367 -1
26583 6410 -1
26584 6416 -1
26585 6422 -1
26586 6443 -1
26587 6444 -1
26588 6445 -1
26589 6653 -1
26590 6655 -1
26591 6682 -1
26592 6707 -1
26593 6709 -1
26594 6725 -1
26595 6738 -1
26596 6741 -1
26597 6742 -1
26598 6747 -1
26599 6748 -1
26600 6750 -1
26601 6755 -1
26602 6756 -1
26603 6760 -1
26604 6762 -1
26605 6770 -1
26606 6815 -1
26607 6818 -1
26608 6824 -1
26609 6828 -1
26610 6836 -1
26611 6838 -1
26612 6839 -1
26613 6856 -1
26614 6857 -1
26615 6862 -1
26616 6868 -1
26617 6876 -1
26618 6878 -1
26619 6882 -1
26620 6885 -1
26621 6887 -1
26622 6889 -1
26623 6891 -1
26624 6915 -1
26625 6918 -1
26626 6923 -1
26627 6926 -1
26628 6933 -1
26629 6937 -1
26630 6952 -1
26631 6956 -1
26632 6957 -1
26633 6959 -1
26634 6988 -1
26635 6989 -1
26636 6991 -1
26637 6992 -1
26638 7020 -1
26639 7022 -1
26640 7023 -1
26641 7024 -1
26642 7025 -1
26643 7058 -1
26644 7060 -1
26645 7062 -1
26646 7065 -1
26647 7066 -1
26648 7123 -1
26649 7171 -1
26650 7212 -1
26651 7217 -1
26652 7218 -1
26653 7259 -1
26654 7261 -1
26655 7263 -1
26656 7297 -1
26657 7320 -1
26658 7321 -1
26659 7397 -1
26660 7408 -1
26661 7442 -1
26662 7447 -1
26663 7449 -1
26664 7451 -1
26665 7471 -1
26666 7483 -1
26667 7801 -1
26668 7803 -1
26669 7817 -1
26670 7823 -1
26671 8024 -1
26672 8083 -1
26673 8087 -1
26674 8093 -1
26675 8098 -1
26676 8115 -1
26677 8293 -1
26678 8322 -1
26679 8324 -1
26680 8326 -1
26681 8327 -1
26682 8329 -1
26683 8330 -1
26684 8389 -1
26685 8411 -1
26686 8418 -1
26687 8421 -1
26688 8429 -1
26689 8438 -1
26690 8442 -1
26691 8444 -1
26692 8448 -1
26693 8449 -1
26694 8481 -1
26695 8486 -1
26696 8498 -1
26697 8502 -1
26698 8528 -1
26699 8573 -1
26700 8660 -1
26701 8661 -1
26702 8692 -1
26703 8699 -1
26704 8732 -1
26705 8733 -1
26706 8981 -1
26707 8982 -1
26708 9044 -1
26709 9048 -1
26710 9055 -1
26711 9060 -1
26712 9083 -1
26713 9084 -1
26714 9087 -1
26715 9105 -1
26716 9113 -1
26717 9140 -1
26718 9143 -1
26719 9144 -1
26720 9148 -1
26721 9197 -1
26722 9206 -1
26723 9209 -1
26724 9210 -1
26725 9241 -1
26726 9242 -1
26727 9248 -1
26728 9269 -1
26729 9281 -1
26730 9285 -1
26731 9291 -1
26732 9292 -1
26733 9302 -1
26734 9306 -1
26735 9328 -1
26736 9360 -1
26737 9361 -1
26738 9371 -1
26739 9375 -1
26740 9377 -1
26741 9390 -1
26742 9392 -1
26743 9394 -1
26744 9396 -1
26745 9399 -1
26746 9401 -1
26747 9402 -1
26748 9421 -1
26749 9427 -1
26750 9434 -1
26751 9437 -1
26752 9445 -1
26753 9449 -1
26754 9452 -1
26755 9457 -1
26756 9511 -1
26757 9520 -1
26758 9522 -1
26759 9523 -1
26760 9524 -1
26761 9535 -1
26762 9608 -1
26763 9622 -1
26764 9712 -1
26765 9715 -1
26766 9862 -1
26767 9883 -1
26768 9887 -1
26769 9898 -1
26770 9899 -1
26771 9902 -1
26772 9903 -1
26773 9958 -1
26774 9992 -1
26775 9993 -1
26776 10294 -1
26777 10331 -1
26778 10360 -1
26779 10366 -1
26780 10376 -1
26781 10380 -1
26782 10383 -1
26783 10385 -1
26784 10553 -1
26785 10555 -1
26786 10617 -1
26787 10651 -1
26788 10652 -1
26789 10654 -1
26790 10655 -1
26791 10658 -1
26792 10775 -1
26793 10777 -1
26794 10796 -1
26795 10798 -1
26796 10860 -1
26797 10911 -1
26798 10914 -1
26799 10917 -1
26800 10924 -1
26801 10925 -1
26802 10927 -1
26803 10932 -1
26804 10934 -1
26805 10949 -1
26806 10957 -1
26807 10958 -1
26808 11033 -1
26809 11034 -1
26810 11552 -1
26811 11553 -1
26812 11608 -1
26813 11616 -1
26814 11649 -1
26815 11656 -1
26816 11680 -1
26817 11684 -1
26818 11765 -1
26819 11772 -1
26820 11785 -1
26821 11795 -1
26822 11820 -1
26823 11823 -1
26824 11826 -1
26825 11846 -1
26826 11847 -1
26827 11849 -1
26828 11850 -1
26829 11853 -1
26830 11856 -1
26831 11857 -1
26832 11858 -1
26833 11860 -1
26834 11867 -1
26835 11924 -1
26836 12012 -1
26837 12045 -1
26838 12077 -1
26839 12086 -1
26840 12088 -1
26841 12089 -1
26842 12091 -1
26843 12092 -1
26844 12100 -1
26845 12101 -1
26846 12106 -1
26847 12108 -1
26848 12109 -1
26849 12110 -1
26850 12111 -1
26851 12119 -1
26852 12120 -1
26853 12255 -1
26854 12257 -1
26855 12259 -1
26856 12318 -1
26857 12323 -1
26858 12325 -1
26859 12328 -1
26860 12334 -1
26861 12350 -1
26862 12351 -1
26863 12398 -1
26864 12403 -1
26865 12404 -1
26866 12405 -1
26867 12447 -1
26868 12502 -1
26869 12583 -1
26870 12587 -1
26871 12601 -1
26872 12607 -1
26873 12653 -1
26874 12654 -1
26875 12872 -1
26876 12892 -1
26877 12932 -1
26878 13367 -1
26879 13374 -1
26880 13376 -1
26881 13380 -1
26882 13474 -1
26883 13477 -1
26884 13478 -1
26885 13480 -1
26886 14034 -1
26887 14037 -1
26888 14040 -1
26889 14045 -1
26890 14136 -1
26891 14142 -1
26892 14144 -1
26893 14262 -1
26894 14276 -1
26895 14277 -1
26896 14279 -1
26897 14280 -1
26898 14367 -1
26899 14467 -1
26900 14471 -1
26901 14489 -1
26902 14491 -1
26903 14500 -1
26904 14502 -1
26905 14504 -1
26906 14505 -1
26907 14521 -1
26908 14603 -1
26909 14613 -1
26910 14614 -1
26911 14615 -1
26912 14618 -1
26913 14636 -1
26914 14642 -1
26915 14719 -1
26916 14935 -1
26917 14949 -1
26918 14956 -1
26919 14957 -1
26920 14959 -1
26921 14963 -1
26922 14969 -1
26923 14971 -1
26924 14974 -1
26925 14979 -1
26926 14981 -1
26927 14984 -1
26928 14988 -1
26929 14989 -1
26930 14992 -1
26931 14993 -1
26932 14996 -1
26933 14998 -1
26934 15042 -1
26935 15049 -1
26936 15062 -1
26937 15064 -1
26938 15091 -1
26939 15092 -1
26940 15119 -1
26941 15241 -1
26942 15293 -1
26943 15320 -1
26944 15365 -1
26945 15375 -1
26946 15377 -1
26947 15897 -1
26948 15962 -1
26949 15964 -1
26950 16060 -1
26951 16076 -1
26952 16081 -1
26953 16084 -1
26954 16109 -1
26955 16126 -1
26956 16141 -1
26957 16142 -1
26958 16173 -1
26959 16174 -1
26960 16242 -1
26961 16249 -1
26962 16646 -1
26963 16658 -1
26964 16784 -1
26965 17093 -1
26966 17122 -1
26967 17123 -1
26968 17124 -1
26969 17137 -1
26970 17226 -1
26971 17232 -1
26972 17269 -1
26973 17277 -1
26974 17279 -1
26975 17281 -1
26976 17282 -1
26977 17311 -1
26978 17410 -1
26979 17527 -1
26980 17547 -1
26981 17548 -1
26982 17599 -1
26983 17600 -1
26984 17602 -1
26985 17603 -1
26986 17604 -1
26987 17618 -1
26988 17630 -1
26989 17635 -1
26990 17636 -1
26991 17638 -1
26992 17639 -1
26993 17643 -1
26994 17649 -1
26995 17655 -1
26996 17674 -1
26997 17675 -1
26998 17677 -1
26999 17681 -1
27000 17723 -1
27001 17776 -1
27002 18003 -1
27003 18016 -1
27004 18020 -1
27005 18021 -1
27006 18482 -1
27007 18483 -1
27008 18486 -1
27009 18599 -1
27010 18684 -1
27011 18729 -1
27012 18792 -1
27013 18812 -1
27014 18813 -1
27015 19046 -1
27016 19048 -1
27017 19439 -1
27018 19487 -1
27019 19714 -1
27020 19721 -1
27021 19747 -1
27022 19996 -1
27023 20030 -1
27024 20033 -1
27025 20034 -1
27026 20042 -1
27027 20043 -1
27028 20044 -1
27029 20046 -1
27030 20052 -1
27031 20055 -1
27032 20063 -1
27033 20064 -1
27034 20073 -1
27035 20082 -1
27036 20089 -1
27037 20098 -1
27038 20107 -1
27039 20136 -1
27040 20195 -1
27041 20436 -1
27042 20441 -1
27043 20996 -1
27044 20999 -1
27045 21690 -1
27046 21910 -1
27047 21911 -1
27048 22135 -1
27049 22168 -1
27050 22182 -1
27051 22183 -1
27052 22184 -1
27053 22185 -1
27054 22187 -1
27055 22188 -1
27056 22189 -1
27057 22191 -1
27058 22194 -1
27059 22196 -1
27060 22198 -1
27061 22205 -1
27062 22206 -1
27063 22207 -1
27064 22415 -1
27065 23314 -1
27066 23644 -1
27067 23657 -1
27068 23658 -1
27069 23661 -1
27070 23670 -1
27071 23672 -1
27072 24011 -1
27073 24356 -1
27074 24639 -1
27075 24641 -1
27076 25112 -1
27077 25115 -1
27078 25250 -1
27079 25251 -1
